Step Time(ns) rpsystem.singlet rpsystem.t0 rpsystem.tp rpsystem.tm rpsystem.identity 
1 0  1 0 0 0 1
1 10  0.395127 0.199159 0.192444 0.193469 0.980199
1 20  0.243433 0.237902 0.238713 0.240742 0.960789
1 30  0.338716 0.200334 0.201541 0.201174 0.941765
1 40  0.433888 0.168257 0.15885 0.16212 0.923116
1 50  0.307365 0.209966 0.190837 0.196669 0.904837
1 60  0.312422 0.198368 0.187043 0.189088 0.88692
1 70  0.305906 0.185722 0.188155 0.189575 0.869358
1 80  0.256115 0.198896 0.19596 0.201172 0.852144
1 90  0.261155 0.195089 0.187335 0.191691 0.83527
1 100  0.268151 0.189183 0.176745 0.184652 0.818731
1 110  0.265918 0.185569 0.170368 0.180664 0.802519
1 120  0.264046 0.18407 0.1653 0.173212 0.786628
1 130  0.250786 0.177351 0.167194 0.175721 0.771052
1 140  0.259489 0.163442 0.162198 0.170654 0.755784
1 150  0.234437 0.182488 0.159651 0.164242 0.740818
1 160  0.257839 0.158937 0.15164 0.157733 0.726149
1 170  0.244294 0.164902 0.145803 0.156772 0.71177
1 180  0.245888 0.151934 0.145323 0.154531 0.697676
1 190  0.190972 0.180855 0.149234 0.1628 0.683861
1 200  0.21441 0.154644 0.149826 0.15144 0.67032
1 210  0.216565 0.150964 0.143447 0.14607 0.657047
1 220  0.210879 0.151996 0.13581 0.145351 0.644036
1 230  0.210872 0.143765 0.133109 0.143537 0.631284
1 240  0.207452 0.136193 0.13498 0.140158 0.618783
1 250  0.202911 0.139669 0.129316 0.134635 0.606531
1 260  0.207285 0.135913 0.12315 0.128172 0.594521
1 270  0.197254 0.132578 0.123648 0.129268 0.582748
1 280  0.18531 0.131286 0.127787 0.126826 0.571209
1 290  0.194662 0.126893 0.120462 0.117881 0.559898
1 300  0.190714 0.125003 0.116685 0.11641 0.548812
1 310  0.182202 0.123259 0.116308 0.116176 0.537944
1 320  0.173009 0.123585 0.117661 0.113037 0.527292
1 330  0.170589 0.120277 0.114693 0.111292 0.516851
1 340  0.160832 0.120379 0.113123 0.112283 0.506617
1 350  0.159154 0.118392 0.112014 0.107025 0.496585
1 360  0.159565 0.114067 0.111538 0.101583 0.486752
1 370  0.157179 0.110647 0.107125 0.102163 0.477114
1 380  0.149393 0.110881 0.104189 0.103203 0.467666
1 390  0.14708 0.108674 0.102311 0.100341 0.458406
1 400  0.149974 0.102428 0.100832 0.0960942 0.449329
1 410  0.13824 0.106411 0.101056 0.0947245 0.440432
1 420  0.139069 0.101489 0.0997801 0.0913724 0.431711
1 430  0.137349 0.102676 0.0937746 0.0893631 0.423162
1 440  0.144133 0.0963296 0.0877711 0.086549 0.414783
1 450  0.132367 0.0972516 0.0896723 0.0872787 0.40657
1 460  0.130345 0.092127 0.0917064 0.0843406 0.398519
1 470  0.126276 0.0890501 0.0908239 0.084478 0.390628
1 480  0.119478 0.0928168 0.0851933 0.0854049 0.382893
1 490  0.12518 0.0885337 0.0804499 0.0811476 0.375311
1 500  0.120706 0.0877546 0.080351 0.0790681 0.367879
1 510  0.118533 0.0834448 0.0810432 0.0775744 0.360595
1 520  0.111746 0.0832497 0.0812463 0.0772123 0.353455
1 530  0.113476 0.0799429 0.0773077 0.0757295 0.346456
1 540  0.113045 0.0782907 0.0735367 0.0747229 0.339596
1 550  0.106361 0.0796094 0.0734214 0.0734793 0.332871
1 560  0.102643 0.077019 0.0749092 0.0717088 0.32628
1 570  0.10298 0.0738622 0.073798 0.0691784 0.319819
1 580  0.106353 0.0697956 0.0709387 0.0663993 0.313486
1 590  0.097826 0.0724605 0.0699108 0.0670815 0.307279
1 600  0.0965106 0.071359 0.0676435 0.0656811 0.301194
1 610  0.0947606 0.0702153 0.0668969 0.0633574 0.29523
1 620  0.0971182 0.0653577 0.0649839 0.0619244 0.289384
1 630  0.0916072 0.0658669 0.0643049 0.061875 0.283654
1 640  0.0900304 0.0650276 0.0634107 0.0595686 0.278037
1 650  0.0889729 0.0630767 0.0618588 0.0586234 0.272532
1 660  0.0842688 0.0631179 0.0617856 0.057963 0.267135
1 670  0.0869511 0.0605952 0.059487 0.0548124 0.261846
1 680  0.0828197 0.060584 0.0582838 0.0549733 0.256661
1 690  0.0814509 0.0586809 0.056708 0.0547387 0.251579
1 700  0.078954 0.0569643 0.0567026 0.0539761 0.246597
1 710  0.078293 0.0558955 0.0549916 0.0525339 0.241714
1 720  0.0770598 0.05535 0.0539579 0.05056 0.236928
1 730  0.0726011 0.0553999 0.0545507 0.0496847 0.232236
1 740  0.0723331 0.0527038 0.0526602 0.0499406 0.227638
1 750  0.0713227 0.0514103 0.0508523 0.0495448 0.22313
1 760  0.0700726 0.0509217 0.0495981 0.0481194 0.218712
1 770  0.0659389 0.0515129 0.0496819 0.0472474 0.214381
1 780  0.0666883 0.049837 0.0478891 0.0457217 0.210136
1 790  0.067114 0.0477518 0.0467729 0.0443364 0.205975
1 800  0.0643357 0.0474055 0.0464622 0.0436931 0.201897
1 810  0.063029 0.0465217 0.0452415 0.0431066 0.197899
1 820  0.0619155 0.0452385 0.0437178 0.0431083 0.19398
1 830  0.0616029 0.0439853 0.0426452 0.0419057 0.190139
1 840  0.0592729 0.0436057 0.0428911 0.0406043 0.186374
1 850  0.060203 0.0417627 0.0411445 0.0395734 0.182684
1 860  0.0577777 0.0413777 0.0401446 0.0397661 0.179066
1 870  0.0563952 0.0408887 0.0399203 0.0383162 0.17552
1 880  0.0551843 0.040269 0.0389863 0.0376053 0.172045
1 890  0.0555851 0.0389504 0.0373469 0.0367557 0.168638
1 900  0.0533701 0.0381856 0.0374013 0.0363419 0.165299
1 910  0.0508586 0.0374804 0.03771 0.0359767 0.162026
1 920  0.0506021 0.0372064 0.0361553 0.0348536 0.158817
1 930  0.0513329 0.0363579 0.0342837 0.0336981 0.155673
1 940  0.0499185 0.0358764 0.033534 0.0332612 0.15259
1 950  0.0482753 0.0346991 0.0339847 0.0326095 0.149569
1 960  0.0467818 0.0336072 0.0343116 0.0319063 0.146607
1 970  0.0455867 0.0332591 0.0332296 0.0316284 0.143704
1 980  0.0451634 0.0329521 0.0315379 0.031205 0.140858
1 990  0.0463037 0.0320836 0.0299034 0.0297785 0.138069
1 1000  0.0451587 0.0313081 0.0297156 0.0291528 0.135335
1 1010  0.0421779 0.0306118 0.0305717 0.029294 0.132655
1 1020  0.0410372 0.0296696 0.0306344 0.0286875 0.130029
1 1030  0.040453 0.0299736 0.0290174 0.02801 0.127454
1 1040  0.0406316 0.0297348 0.0272138 0.0273499 0.12493
1 1050  0.0407514 0.0280444 0.0270985 0.0265622 0.122456
1 1060  0.0393834 0.0271539 0.0275398 0.0259545 0.120032
1 1070  0.0383542 0.0268743 0.0268131 0.0256132 0.117655
1 1080  0.0368973 0.0269567 0.0259863 0.0254848 0.115325
1 1090  0.0359766 0.0263065 0.0257536 0.0250048 0.113042
1 1100  0.0363184 0.02582 0.0248176 0.0238472 0.110803
1 1110  0.036541 0.0249873 0.0239508 0.0231299 0.108609
1 1120  0.035033 0.0244615 0.0238887 0.0230753 0.106459
1 1130  0.0331733 0.0239281 0.0243105 0.0229385 0.10435
1 1140  0.0319937 0.023767 0.0238691 0.0226544 0.102284
1 1150  0.0322685 0.0234304 0.0226716 0.0218884 0.100259
1 1160  0.0323226 0.0228181 0.0219757 0.0211571 0.0982736
1 1170  0.0316401 0.0223391 0.0216899 0.0206585 0.0963276
1 1180  0.0304474 0.0219462 0.0213788 0.0206478 0.0944202
1 1190  0.0290237 0.0214033 0.0215804 0.0205432 0.0925506
1 1200  0.0289963 0.0209126 0.0209108 0.0198981 0.090718
1 1210  0.0287821 0.0207769 0.0198812 0.0194815 0.0889216
1 1220  0.0280968 0.0202798 0.0196178 0.0191664 0.0871609
1 1230  0.0274009 0.0197539 0.0195332 0.0187469 0.085435
1 1240  0.0275038 0.0192562 0.0187692 0.0182141 0.0837432
1 1250  0.0268227 0.0188298 0.0185002 0.0179323 0.082085
1 1260  0.0257308 0.018581 0.0185619 0.0175859 0.0804596
1 1270  0.0252994 0.0182966 0.0179119 0.0173586 0.0788664
1 1280  0.025074 0.0178135 0.0173778 0.0170394 0.0773047
1 1290  0.0248314 0.0175887 0.016885 0.016469 0.075774
1 1300  0.0239122 0.0173518 0.0168813 0.0161282 0.0742736
1 1310  0.0231761 0.0167756 0.0167652 0.0160859 0.0728029
1 1320  0.0235047 0.0164489 0.0161064 0.0153012 0.0713613
1 1330  0.0228651 0.016138 0.0158512 0.0150939 0.0699482
1 1340  0.0221967 0.0160082 0.0154175 0.0149408 0.0685632
1 1350  0.0215658 0.0155532 0.0153179 0.0147686 0.0672055
1 1360  0.0216319 0.0150187 0.0151371 0.0140871 0.0658748
1 1370  0.0214184 0.0148631 0.0144485 0.0138403 0.0645703
1 1380  0.0202929 0.014824 0.0140768 0.014098 0.0632918
1 1390  0.0195817 0.0142705 0.014368 0.0138183 0.0620385
1 1400  0.020027 0.0138209 0.0139764 0.0129857 0.0608101
1 1410  0.0198635 0.0136044 0.0132921 0.012846 0.0596059
1 1420  0.0187654 0.0135684 0.0132148 0.0128771 0.0584257
1 1430  0.0184444 0.0132767 0.0129859 0.0125617 0.0572688
1 1440  0.018232 0.0131099 0.0125448 0.012248 0.0561348
1 1450  0.0174798 0.0126916 0.0126728 0.012179 0.0550232
1 1460  0.0171951 0.0123703 0.0124659 0.0119023 0.0539337
1 1470  0.0170001 0.0124052 0.0118182 0.0116422 0.0528657
1 1480  0.0166457 0.0122019 0.0114966 0.0114748 0.0518189
1 1490  0.0161662 0.0118816 0.0114598 0.0112852 0.0507928
1 1500  0.0158196 0.0116172 0.0113439 0.0110064 0.0497871
1 1510  0.0156605 0.0111989 0.0111489 0.0107929 0.0488012
1 1520  0.0153873 0.0111763 0.0106841 0.0105873 0.0478349
1 1530  0.0149906 0.0110714 0.0104257 0.0104 0.0468877
1 1540  0.0146437 0.0106597 0.0104933 0.0101625 0.0459593
1 1550  0.0142607 0.0105875 0.0102688 0.00993211 0.0450492
1 1560  0.0141197 0.0104501 0.00991597 0.00967143 0.0441572
1 1570  0.0140797 0.00995305 0.00981021 0.00943986 0.0432828
1 1580  0.0137676 0.00964702 0.00970911 0.00930205 0.0424257
1 1590  0.0133353 0.00969432 0.00943266 0.00912335 0.0415857
1 1600  0.0128488 0.00967463 0.00926679 0.008972 0.0407622
1 1610  0.0129037 0.00932413 0.00901493 0.00871225 0.0399551
1 1620  0.0127103 0.00908687 0.00885598 0.00851079 0.0391639
1 1630  0.0123753 0.00888589 0.00876999 0.00835726 0.0383884
1 1640  0.0121201 0.00867027 0.00855755 0.00828037 0.0376283
1 1650  0.0117171 0.00859692 0.00838316 0.00818595 0.0368832
1 1660  0.011664 0.00840467 0.00810987 0.00797429 0.0361528
1 1670  0.0114884 0.00827647 0.00785906 0.00781307 0.035437
1 1680  0.0112454 0.00805767 0.00788291 0.00754932 0.0347353
1 1690  0.01102 0.00782274 0.00780892 0.00739581 0.0340475
1 1700  0.0106557 0.00776308 0.00751745 0.00743699 0.0333733
1 1710  0.0104528 0.00764629 0.00731995 0.00729344 0.0327124
1 1720  0.01048 0.00739198 0.00720902 0.00698366 0.0320647
1 1730  0.0101914 0.007298 0.00708819 0.00685213 0.0314298
1 1740  0.00982262 0.00718783 0.00697214 0.00682482 0.0308074
1 1750  0.00949956 0.00703576 0.00688733 0.00677473 0.0301974
1 1760  0.00950943 0.00681148 0.00672702 0.00655151 0.0295994
1 1770  0.00939865 0.00683965 0.00649086 0.00628417 0.0290133
1 1780  0.0092627 0.00662532 0.00632831 0.0062225 0.0284388
1 1790  0.00900819 0.0064072 0.00628166 0.00617865 0.0278757
1 1800  0.00879559 0.00626763 0.00622369 0.00603681 0.0273237
1 1810  0.00850243 0.00625527 0.00607171 0.00595327 0.0267827
1 1820  0.00845562 0.00613604 0.00584715 0.00581354 0.0262523
1 1830  0.00835907 0.0059348 0.00574542 0.00569323 0.0257325
1 1840  0.00828174 0.0058011 0.00564497 0.00549517 0.025223
1 1850  0.0078879 0.00573639 0.005641 0.00545824 0.0247235
1 1860  0.00774321 0.00561763 0.00550383 0.0053693 0.024234
1 1870  0.00770379 0.00557927 0.0052424 0.00522864 0.0237541
1 1880  0.00745023 0.00546417 0.00519738 0.00517197 0.0232837
1 1890  0.00732934 0.0052347 0.00519003 0.00506861 0.0228227
1 1900  0.00718928 0.00518486 0.00506857 0.00492806 0.0223708
1 1910  0.00701584 0.00515713 0.00492191 0.00483292 0.0219278
1 1920  0.00690155 0.00499229 0.00482748 0.00477228 0.0214936
1 1930  0.00667577 0.00490429 0.00475972 0.00472822 0.021068
1 1940  0.00654567 0.0048531 0.00466381 0.00458825 0.0206508
1 1950  0.00654552 0.00469794 0.00456502 0.00443343 0.0202419
1 1960  0.00636739 0.00460684 0.00447341 0.00439345 0.0198411
1 1970  0.00622544 0.00456732 0.00434844 0.00430701 0.0194482
1 1980  0.00616162 0.00442573 0.0042972 0.00417857 0.0190631
1 1990  0.00611176 0.00435767 0.00416026 0.00405595 0.0186856
1 2000  0.00586341 0.00425445 0.00412503 0.00407275 0.0183156
1 2010  0.00571831 0.00417348 0.00408808 0.0039731 0.017953
1 2020  0.00572243 0.00408621 0.00397921 0.00380962 0.0175975
1 2030  0.00557365 0.00400269 0.00388417 0.00378852 0.017249
1 2040  0.00550893 0.00392522 0.00375623 0.00371709 0.0169075
1 2050  0.00534773 0.00384336 0.00373271 0.00364887 0.0165727
1 2060  0.00521076 0.00375838 0.00367983 0.00359553 0.0162445
1 2070  0.00509315 0.00370551 0.0036247 0.00349949 0.0159229
1 2080  0.00505863 0.00364084 0.003502 0.00340609 0.0156076
1 2090  0.00487622 0.00359709 0.00343453 0.00339067 0.0152985
1 2100  0.00478109 0.00347025 0.00337849 0.00336574 0.0149956
1 2110  0.00472696 0.00340521 0.00330804 0.00325843 0.0146986
1 2120  0.00461514 0.00334069 0.0032612 0.00319056 0.0144076
1 2130  0.00445943 0.00330815 0.00322605 0.00312867 0.0141223
1 2140  0.00436498 0.00327707 0.00313829 0.00306232 0.0138427
1 2150  0.00433958 0.00317728 0.0030594 0.0029923 0.0135686
1 2160  0.00429504 0.00307046 0.00297383 0.00296054 0.0132999
1 2170  0.00422275 0.00302216 0.00292593 0.00286569 0.0130365
1 2180  0.00406115 0.00297099 0.00292957 0.00281667 0.0127784
1 2190  0.00394324 0.00294028 0.00286436 0.00277748 0.0125254
1 2200  0.00389349 0.00288724 0.0027658 0.00273081 0.0122773
1 2210  0.00387406 0.00280696 0.00269912 0.00265408 0.0120342
1 2220  0.00381041 0.0027495 0.00263776 0.00259826 0.0117959
1 2230  0.00371603 0.00269754 0.00259761 0.00255119 0.0115624
1 2240  0.0035883 0.00262863 0.00260496 0.00251151 0.0113334
1 2250  0.00354604 0.00257223 0.00252696 0.00246377 0.011109
1 2260  0.00353471 0.00255013 0.00241149 0.00239269 0.010889
1 2270  0.00347054 0.00249322 0.00237738 0.00233226 0.0106734
1 2280  0.00334304 0.00242971 0.00237691 0.0023124 0.0104621
1 2290  0.00329828 0.00237824 0.00231676 0.00226161 0.0102549
1 2300  0.00320104 0.00233269 0.00230434 0.00221377 0.0100518
1 2310  0.00316171 0.00230203 0.00221088 0.00217817 0.0098528
1 2320  0.0031062 0.00227812 0.00213649 0.00213689 0.0096577
1 2330  0.00305393 0.00220439 0.00212847 0.00207967 0.00946646
1 2340  0.00298311 0.00215076 0.00211934 0.0020258 0.00927901
1 2350  0.00290414 0.00211765 0.00206543 0.00200806 0.00909528
1 2360  0.00285816 0.00207486 0.00200332 0.00197885 0.00891518
1 2370  0.00281339 0.00203471 0.0019469 0.00194365 0.00873865
1 2380  0.00275796 0.00200491 0.00191035 0.00189239 0.00856561
1 2390  0.00269464 0.0019665 0.00188641 0.00184845 0.008396
1 2400  0.00261385 0.00192319 0.00186299 0.00182972 0.00822975
1 2410  0.00258447 0.00188061 0.00181552 0.00178619 0.00806679
1 2420  0.00254366 0.00183421 0.00177055 0.00175864 0.00790705
1 2430  0.00249619 0.00180851 0.00172464 0.00172114 0.00775048
1 2440  0.0024435 0.00178715 0.00169956 0.0016668 0.00759701
1 2450  0.00238424 0.00173611 0.00168584 0.00164039 0.00744658
1 2460  0.0023094 0.00169279 0.00166744 0.00162949 0.00729913
1 2470  0.00228127 0.00166186 0.00162331 0.00158815 0.0071546
1 2480  0.00225885 0.00164738 0.00156619 0.0015405 0.00701293
1 2490  0.00223001 0.00160082 0.00153515 0.00150809 0.00687406
1 2500  0.00216849 0.00155628 0.00153408 0.0014791 0.00673795
1 2510  0.00210995 0.00152659 0.00151222 0.00145577 0.00660453
1 2520  0.00206869 0.00152062 0.0014561 0.00142833 0.00647375
1 2530  0.00203738 0.00148541 0.00143108 0.00139169 0.00634556
1 2540  0.00198273 0.00144615 0.0014177 0.00137333 0.00621991
1 2550  0.00192355 0.00143718 0.00139023 0.00134579 0.00609675
1 2560  0.00193989 0.00138717 0.00135331 0.00129565 0.00597602
1 2570  0.00189172 0.00136068 0.00133471 0.00127057 0.00585769
1 2580  0.00181655 0.00135507 0.00130702 0.00126306 0.0057417
1 2590  0.0017772 0.0013209 0.00129513 0.00123477 0.00562801
1 2600  0.00173872 0.00128704 0.0012758 0.001215 0.00551656
1 2610  0.00172801 0.00126157 0.00122972 0.00118803 0.00540733
1 2620  0.00170173 0.00123143 0.00121164 0.00115545 0.00530026
1 2630  0.00167259 0.00120668 0.00119007 0.00112597 0.0051953
1 2640  0.00161303 0.00118923 0.0011639 0.00112628 0.00509243
1 2650  0.00158177 0.00116168 0.00114568 0.00110247 0.00499159
1 2660  0.00156839 0.00113338 0.00111739 0.0010736 0.00489275
1 2670  0.00154552 0.00112273 0.00107574 0.00105188 0.00479587
1 2680  0.0014993 0.00109667 0.00107059 0.00103434 0.00470091
1 2690  0.00148222 0.00106523 0.00105119 0.00100917 0.00460782
1 2700  0.00144425 0.00105358 0.00102368 0.000995067 0.00451658
1 2710  0.00141049 0.00104179 0.000999201 0.000975665 0.00442715
1 2720  0.00139837 0.00100733 0.000979948 0.000953842 0.00433948
1 2730  0.00137355 0.000981606 0.000963448 0.000934956 0.00425356
1 2740  0.0013414 0.000965706 0.000954842 0.000907385 0.00416933
1 2750  0.00130253 0.000946447 0.00093473 0.000903069 0.00408677
1 2760  0.00128259 0.000929914 0.000905749 0.000887593 0.00400585
1 2770  0.00125185 0.000919364 0.000890142 0.000865173 0.00392653
1 2780  0.00123239 0.000904685 0.000872048 0.000839659 0.00384878
1 2790  0.00120288 0.000874471 0.000866581 0.000828637 0.00377257
1 2800  0.00118147 0.000852692 0.000849167 0.000814538 0.00369786
1 2810  0.00115442 0.000850082 0.00081617 0.000803969 0.00362464
1 2820  0.00114287 0.000829601 0.000798844 0.000781555 0.00355287
1 2830  0.00111462 0.000804389 0.000798195 0.000765315 0.00348252
1 2840  0.00108232 0.000802237 0.000779123 0.000749883 0.00341356
1 2850  0.00106861 0.000782351 0.000759508 0.000735501 0.00334597
1 2860  0.00104604 0.000758658 0.000751945 0.000723071 0.00327971
1 2870  0.00103457 0.000747816 0.000729311 0.000703073 0.00321477
1 2880  0.00101023 0.000733015 0.000713388 0.000694481 0.00315111
1 2890  0.000986685 0.000718389 0.00070515 0.000678492 0.00308872
1 2900  0.000963434 0.000705919 0.000693919 0.000664283 0.00302755
1 2910  0.000949312 0.000691666 0.000673703 0.000652923 0.00296761
1 2920  0.000926043 0.000678235 0.000660027 0.000644537 0.00290884
1 2930  0.000910825 0.000666591 0.000646812 0.000627016 0.00285124
1 2940  0.000896002 0.000648754 0.000637164 0.000612866 0.00279479
1 2950  0.000878294 0.000634512 0.000621819 0.00060482 0.00273944
1 2960  0.000853971 0.000628041 0.000606137 0.000597051 0.0026852
1 2970  0.000841253 0.000611437 0.000596136 0.000583205 0.00263203
1 2980  0.000828473 0.000596816 0.000586374 0.000568249 0.00257991
1 2990  0.000804265 0.000589053 0.000574464 0.000561044 0.00252883
1 3000  0.000791149 0.00057391 0.000561518 0.000552176 0.00247875
1 3010  0.000775482 0.000565886 0.000551357 0.000536945 0.00242967
1 3020  0.000760926 0.000552513 0.000541989 0.000526131 0.00238156
1 3030  0.000747033 0.000544487 0.000526435 0.000516446 0.0023344
1 3040  0.000725587 0.000533819 0.000519607 0.000509164 0.00228818
1 3050  0.000713924 0.000522026 0.000513012 0.000493906 0.00224287
1 3060  0.000705967 0.000511281 0.00049792 0.000483287 0.00219846
1 3070  0.000690293 0.000507326 0.000482172 0.000475132 0.00215492
1 3080  0.000675393 0.000493809 0.000477767 0.000465285 0.00211225
1 3090  0.000659068 0.000477983 0.000476973 0.000456404 0.00207043
1 3100  0.000646826 0.000472261 0.000462485 0.000447859 0.00202943
1 3110  0.000632865 0.000468087 0.000446388 0.000441905 0.00198925
1 3120  0.000628899 0.000455185 0.000440052 0.00042572 0.00194986
1 3130  0.000608349 0.00044644 0.000437521 0.000418935 0.00191125
1 3140  0.000595226 0.000438491 0.000423837 0.000415846 0.0018734
1 3150  0.000589046 0.000427558 0.00041234 0.000407362 0.0018363
1 3160  0.000571148 0.000419491 0.000411484 0.00039782 0.00179994
1 3170  0.000557711 0.000408896 0.000405141 0.000392554 0.0017643
1 3180  0.000553548 0.000400925 0.000390734 0.00038416 0.00172937
1 3190  0.000544023 0.000395725 0.000381545 0.000373831 0.00169512
1 3200  0.000533061 0.000387271 0.000374812 0.000366413 0.00166156
1 3210  0.000514147 0.000381089 0.000369679 0.000363742 0.00162866
1 3220  0.000503394 0.000374675 0.000361794 0.000356543 0.00159641
1 3230  0.000500956 0.000363508 0.00035367 0.000346663 0.0015648
1 3240  0.000495269 0.000354372 0.000346732 0.000337437 0.00153381
1 3250  0.000477338 0.000350862 0.000341239 0.000334 0.00150344
1 3260  0.00046855 0.000346024 0.000331065 0.000328031 0.00147367
1 3270  0.000459126 0.000336943 0.000327942 0.000320478 0.00144449
1 3280  0.000450373 0.000327657 0.000325018 0.000312837 0.00141589
1 3290  0.000441308 0.000322565 0.000316724 0.000307253 0.00138785
1 3300  0.000437134 0.000317279 0.000304987 0.000300968 0.00136037
1 3310  0.000429477 0.000310523 0.000298763 0.000294668 0.00133343
1 3320  0.000416968 0.000303799 0.000296467 0.000289793 0.00130703
1 3330  0.000407903 0.000296183 0.000291662 0.000285398 0.00128115
1 3340  0.000398721 0.000291003 0.000286193 0.000279861 0.00125578
1 3350  0.000395949 0.000282497 0.000279503 0.000272963 0.00123091
1 3360  0.000386975 0.000282389 0.000270404 0.000266771 0.00120654
1 3370  0.000379505 0.000277319 0.00026316 0.000262664 0.00118265
1 3380  0.000371941 0.00026905 0.000260881 0.000257356 0.00115923
1 3390  0.000359408 0.000264102 0.000260557 0.000252207 0.00113627
1 3400  0.000350889 0.000259989 0.000255409 0.000247488 0.00111378
1 3410  0.000349603 0.000254625 0.000245487 0.000242006 0.00109172
1 3420  0.000347233 0.000247502 0.000239116 0.000236252 0.0010701
1 3430  0.000333716 0.000244839 0.000237852 0.000232508 0.00104891
1 3440  0.000326098 0.000240035 0.000232936 0.000229075 0.00102814
1 3450  0.000318516 0.000234306 0.000229045 0.000225918 0.00100779
1 3460  0.000314433 0.000230186 0.000224562 0.000218649 0.00098783
1 3470  0.000308553 0.000225897 0.000219289 0.000214531 0.00096827
1 3480  0.000303985 0.000222298 0.000212291 0.000210522 0.000949097
1 3490  0.00029944 0.000214773 0.000209256 0.000206835 0.000930303
1 3500  0.000289897 0.000212519 0.000206838 0.000202627 0.000911882
1 3510  0.000282275 0.000208931 0.000203743 0.000198877 0.000893825
1 3520  0.000278781 0.000204759 0.000199243 0.000193343 0.000876127
1 3530  0.000274711 0.000199993 0.000194173 0.000189901 0.000858778
1 3540  0.000268448 0.000196702 0.000189515 0.000187108 0.000841773
1 3550  0.000263238 0.00019305 0.000185989 0.000182828 0.000825105
1 3560  0.000259198 0.000187798 0.000183461 0.00017831 0.000808767
1 3570  0.000253557 0.00018407 0.000180375 0.00017475 0.000792752
1 3580  0.000248055 0.000180966 0.000176403 0.00017163 0.000777055
1 3590  0.000243679 0.000176879 0.000173293 0.000167817 0.000761668
1 3600  0.000237699 0.000174433 0.000169509 0.000164944 0.000746586
1 3610  0.000234578 0.000170837 0.000164078 0.000162309 0.000731802
1 3620  0.000230721 0.000166173 0.00016186 0.000158558 0.000717312
1 3630  0.000223407 0.000162442 0.000162074 0.000155185 0.000703108
1 3640  0.000220271 0.000160521 0.000156303 0.000152091 0.000689186
1 3650  0.000216326 0.000157936 0.000151394 0.000149883 0.000675539
1 3660  0.000212903 0.000154246 0.000148961 0.000146053 0.000662162
1 3670  0.000208692 0.000149964 0.000147861 0.000142534 0.000649051
1 3680  0.000202576 0.00014773 0.000145117 0.000140776 0.000636198
1 3690  0.000198485 0.000144104 0.000142045 0.000138967 0.000623601
1 3700  0.000196111 0.000142568 0.000137736 0.000134838 0.000611253
1 3710  0.000192162 0.000139984 0.00013524 0.000131763 0.000599149
1 3720  0.000187523 0.000136855 0.000132824 0.000130083 0.000587285
1 3730  0.00018351 0.00013316 0.000130939 0.000128048 0.000575656
1 3740  0.000180762 0.000130844 0.00012863 0.000124022 0.000564257
1 3750  0.000176389 0.000128719 0.000125984 0.000121992 0.000553084
1 3760  0.000172904 0.000127046 0.000122157 0.000120026 0.000542133
1 3770  0.00016992 0.000123117 0.000120507 0.000117854 0.000531398
1 3780  0.000164949 0.000121651 0.000119176 0.000115099 0.000520875
1 3790  0.000163325 0.000119248 0.000115517 0.000112471 0.000510561
1 3800  0.0001596 0.000116513 0.000113137 0.000111202 0.000500451
1 3810  0.000156303 0.000114415 0.000111182 0.000108642 0.000490542
1 3820  0.00015425 0.000111974 0.000108945 0.000105659 0.000480828
1 3830  0.000150656 0.000109768 0.000106542 0.000104342 0.000471307
1 3840  0.000147307 0.000107414 0.000104625 0.000102628 0.000461975
1 3850  0.000144667 0.000104985 0.00010277 0.000100406 0.000452827
1 3860  0.000141448 0.000103575 0.000100547 9.82909e-05 0.000443861
1 3870  0.000139175 0.000100675 9.88931e-05 9.63278e-05 0.000435072
1 3880  0.000136332 9.90384e-05 9.71234e-05 9.39626e-05 0.000426457
1 3890  0.000133984 9.72361e-05 9.4657e-05 9.21346e-05 0.000418012
1 3900  0.000130566 9.5782e-05 9.28533e-05 9.05337e-05 0.000409735
1 3910  0.000128271 9.38817e-05 9.12032e-05 8.82662e-05 0.000401622
1 3920  0.000124701 9.2241e-05 8.97978e-05 8.6929e-05 0.000393669
1 3930  0.000123091 8.96411e-05 8.80527e-05 8.50892e-05 0.000385874
1 3940  0.000120506 8.78544e-05 8.64648e-05 8.3408e-05 0.000378233
1 3950  0.000118852 8.66083e-05 8.36726e-05 8.16108e-05 0.000370744
1 3960  0.000116768 8.46575e-05 8.20578e-05 7.99193e-05 0.000363402
1 3970  0.000113025 8.3535e-05 8.11125e-05 7.85338e-05 0.000356206
1 3980  0.00010963 8.17701e-05 7.98925e-05 7.78603e-05 0.000349153
1 3990  0.000109221 7.98193e-05 7.75256e-05 7.56735e-05 0.000342239
1 4000  0.000107716 7.75317e-05 7.6135e-05 7.40799e-05 0.000335463
1 4010  0.000105465 7.61659e-05 7.42654e-05 7.29239e-05 0.00032882
1 4020  0.000101575 7.57e-05 7.33573e-05 7.16765e-05 0.000322309
1 4030  0.000101464 7.34371e-05 7.19391e-05 6.90866e-05 0.000315927
1 4040  9.83593e-05 7.22616e-05 7.07703e-05 6.82798e-05 0.000309671
1 4050  9.67118e-05 7.1099e-05 6.84089e-05 6.73194e-05 0.000303539
1 4060  9.55302e-05 6.89507e-05 6.72884e-05 6.57594e-05 0.000297529
1 4070  9.40819e-05 6.77447e-05 6.60178e-05 6.37929e-05 0.000291637
1 4080  9.1558e-05 6.65729e-05 6.48551e-05 6.28764e-05 0.000285862
1 4090  8.8304e-05 6.52936e-05 6.43191e-05 6.22853e-05 0.000280202
1 4100  8.7279e-05 6.41088e-05 6.26759e-05 6.05898e-05 0.000274654
1 4110  8.61394e-05 6.27335e-05 6.09498e-05 5.93923e-05 0.000269215
1 4120  8.44129e-05 6.15032e-05 5.94528e-05 5.85154e-05 0.000263884
1 4130  8.18886e-05 5.99341e-05 5.92519e-05 5.75844e-05 0.000258659
1 4140  8.08175e-05 5.9226e-05 5.75442e-05 5.59494e-05 0.000253537
1 4150  7.91364e-05 5.78515e-05 5.6394e-05 5.51349e-05 0.000248517
1 4160  7.75564e-05 5.71419e-05 5.50464e-05 5.38512e-05 0.000243596
1 4170  7.56304e-05 5.58182e-05 5.46683e-05 5.26554e-05 0.000238772
1 4180  7.42381e-05 5.49424e-05 5.32896e-05 5.15742e-05 0.000234044
1 4190  7.31004e-05 5.35042e-05 5.21708e-05 5.06346e-05 0.00022941
1 4200  7.17299e-05 5.24757e-05 5.0945e-05 4.97167e-05 0.000224867
1 4210  7.01593e-05 5.13313e-05 5.01674e-05 4.87566e-05 0.000220415
1 4220  6.83757e-05 5.08467e-05 4.91067e-05 4.77211e-05 0.00021605
1 4230  6.664e-05 4.95585e-05 4.85223e-05 4.70513e-05 0.000211772
1 4240  6.60969e-05 4.82701e-05 4.74288e-05 4.57829e-05 0.000207579
1 4250  6.48736e-05 4.76765e-05 4.61243e-05 4.4794e-05 0.000203468
1 4260  6.33305e-05 4.65401e-05 4.5279e-05 4.42897e-05 0.000199439
1 4270  6.22387e-05 4.55942e-05 4.43817e-05 4.32757e-05 0.00019549
1 4280  6.03503e-05 4.46097e-05 4.41076e-05 4.25518e-05 0.000191619
1 4290  5.95782e-05 4.39155e-05 4.28135e-05 4.15179e-05 0.000187825
1 4300  5.87447e-05 4.27559e-05 4.17683e-05 4.08369e-05 0.000184106
1 4310  5.81928e-05 4.19732e-05 4.07516e-05 3.95426e-05 0.00018046
1 4320  5.61395e-05 4.11495e-05 4.05462e-05 3.90518e-05 0.000176887
1 4330  5.53238e-05 4.03645e-05 3.94052e-05 3.82908e-05 0.000173384
1 4340  5.40479e-05 3.98578e-05 3.8579e-05 3.74664e-05 0.000169951
1 4350  5.31419e-05 3.87909e-05 3.78651e-05 3.67879e-05 0.000166586
1 4360  5.21183e-05 3.82201e-05 3.69752e-05 3.59736e-05 0.000163287
1 4370  5.11011e-05 3.72522e-05 3.62809e-05 3.54196e-05 0.000160054
1 4380  4.9919e-05 3.64753e-05 3.5826e-05 3.46643e-05 0.000156885
1 4390  4.86548e-05 3.60467e-05 3.50821e-05 3.39946e-05 0.000153778
1 4400  4.80267e-05 3.52252e-05 3.41838e-05 3.32974e-05 0.000150733
1 4410  4.69888e-05 3.45908e-05 3.34688e-05 3.27e-05 0.000147748
1 4420  4.61522e-05 3.36911e-05 3.29735e-05 3.2006e-05 0.000144823
1 4430  4.52535e-05 3.28727e-05 3.24759e-05 3.1353e-05 0.000141955
1 4440  4.42579e-05 3.23948e-05 3.18382e-05 3.06532e-05 0.000139144
1 4450  4.31015e-05 3.19926e-05 3.11082e-05 3.01867e-05 0.000136389
1 4460  4.27108e-05 3.12305e-05 3.02951e-05 2.94518e-05 0.000133688
1 4470  4.19609e-05 3.04498e-05 2.97338e-05 2.88965e-05 0.000131041
1 4480  4.07877e-05 3.00588e-05 2.92586e-05 2.83412e-05 0.000128446
1 4490  3.9915e-05 2.93223e-05 2.88566e-05 2.7809e-05 0.000125903
1 4500  3.92223e-05 2.87954e-05 2.815e-05 2.72421e-05 0.00012341
1 4510  3.84128e-05 2.84719e-05 2.73543e-05 2.67272e-05 0.000120966
1 4520  3.79095e-05 2.77038e-05 2.68406e-05 2.61169e-05 0.000118571
1 4530  3.71219e-05 2.68509e-05 2.65206e-05 2.57296e-05 0.000116223
1 4540  3.626e-05 2.63903e-05 2.5983e-05 2.52883e-05 0.000113922
1 4550  3.53997e-05 2.60182e-05 2.54087e-05 2.48391e-05 0.000111666
1 4560  3.47601e-05 2.55647e-05 2.48398e-05 2.429e-05 0.000109455
1 4570  3.41763e-05 2.50191e-05 2.43641e-05 2.37279e-05 0.000107287
1 4580  3.36431e-05 2.44312e-05 2.38243e-05 2.32643e-05 0.000105163
1 4590  3.28108e-05 2.39484e-05 2.34676e-05 2.28537e-05 0.000103081
1 4600  3.19301e-05 2.36155e-05 2.29853e-05 2.25085e-05 0.000101039
1 4610  3.15423e-05 2.3017e-05 2.24806e-05 2.19988e-05 9.90387e-05
1 4620  3.09192e-05 2.26314e-05 2.19755e-05 2.15515e-05 9.70776e-05
1 4630  3.00756e-05 2.22267e-05 2.17372e-05 2.11158e-05 9.51553e-05
1 4640  2.98225e-05 2.17957e-05 2.10771e-05 2.05758e-05 9.32711e-05
1 4650  2.8832e-05 2.1516e-05 2.06653e-05 2.0411e-05 9.14242e-05
1 4660  2.83564e-05 2.09527e-05 2.02786e-05 2.00263e-05 8.96139e-05
1 4670  2.78166e-05 2.04789e-05 2.00564e-05 1.94876e-05 8.78394e-05
1 4680  2.73213e-05 2.00628e-05 1.96455e-05 1.90705e-05 8.61001e-05
1 4690  2.66265e-05 1.97824e-05 1.91774e-05 1.88089e-05 8.43952e-05
1 4700  2.63131e-05 1.93082e-05 1.87136e-05 1.83891e-05 8.27241e-05
1 4710  2.59212e-05 1.89042e-05 1.83452e-05 1.79155e-05 8.1086e-05
1 4720  2.51263e-05 1.85953e-05 1.81444e-05 1.76144e-05 7.94804e-05
1 4730  2.47078e-05 1.81471e-05 1.77759e-05 1.72758e-05 7.79066e-05
1 4740  2.43026e-05 1.78547e-05 1.73189e-05 1.68878e-05 7.63639e-05
1 4750  2.38499e-05 1.7452e-05 1.69433e-05 1.66066e-05 7.48518e-05
1 4760  2.33935e-05 1.7148e-05 1.65606e-05 1.62676e-05 7.33697e-05
1 4770  2.28642e-05 1.6795e-05 1.62913e-05 1.59663e-05 7.19168e-05
1 4780  2.24616e-05 1.64685e-05 1.6006e-05 1.55567e-05 7.04928e-05
1 4790  2.19474e-05 1.61765e-05 1.5707e-05 1.5266e-05 6.90969e-05
1 4800  2.14421e-05 1.58276e-05 1.54752e-05 1.49838e-05 6.77287e-05
1 4810  2.10186e-05 1.56371e-05 1.50374e-05 1.46945e-05 6.63876e-05
1 4820  2.08722e-05 1.51924e-05 1.46426e-05 1.43659e-05 6.50731e-05
1 4830  2.02356e-05 1.50074e-05 1.44239e-05 1.41175e-05 6.37845e-05
1 4840  1.99459e-05 1.45131e-05 1.4236e-05 1.38265e-05 6.25215e-05
1 4850  1.93816e-05 1.43804e-05 1.39053e-05 1.36162e-05 6.12835e-05
1 4860  1.90767e-05 1.40616e-05 1.36037e-05 1.33279e-05 6.007e-05
1 4870  1.8831e-05 1.36562e-05 1.33866e-05 1.30067e-05 5.88805e-05
1 4880  1.84129e-05 1.34522e-05 1.3138e-05 1.27115e-05 5.77146e-05
1 4890  1.80367e-05 1.32122e-05 1.28109e-05 1.25121e-05 5.65718e-05
1 4900  1.76609e-05 1.29338e-05 1.25464e-05 1.23104e-05 5.54516e-05
1 4910  1.73187e-05 1.26963e-05 1.23303e-05 1.20083e-05 5.43536e-05
1 4920  1.68926e-05 1.24531e-05 1.21694e-05 1.17623e-05 5.32773e-05
1 4930  1.66491e-05 1.21266e-05 1.1867e-05 1.15796e-05 5.22223e-05
1 4940  1.62957e-05 1.19857e-05 1.15588e-05 1.1348e-05 5.11883e-05
1 4950  1.60015e-05 1.17545e-05 1.1347e-05 1.10717e-05 5.01747e-05
1 4960  1.56398e-05 1.15381e-05 1.11489e-05 1.08543e-05 4.91812e-05
1 4970  1.51677e-05 1.13725e-05 1.09491e-05 1.07179e-05 4.82073e-05
1 4980  1.49393e-05 1.10036e-05 1.08169e-05 1.04929e-05 4.72527e-05
1 4990  1.47421e-05 1.0889e-05 1.04789e-05 1.02071e-05 4.63171e-05
1 5000  1.45433e-05 1.06336e-05 1.01557e-05 1.00673e-05 4.53999e-05
1 5010  1.41353e-05 1.04434e-05 1.00609e-05 9.86137e-06 4.4501e-05
1 5020  1.38329e-05 1.0177e-05 9.98788e-06 9.62197e-06 4.36198e-05
1 5030  1.35852e-05 9.99092e-06 9.74531e-06 9.43466e-06 4.2756e-05
1 5040  1.33377e-05 9.81002e-06 9.5068e-06 9.25486e-06 4.19094e-05
1 5050  1.31663e-05 9.55613e-06 9.30844e-06 9.04874e-06 4.10796e-05
1 5060  1.27512e-05 9.4374e-06 9.14919e-06 8.9283e-06 4.02661e-05
1 5070  1.25352e-05 9.2487e-06 8.98308e-06 8.70183e-06 3.94688e-05
1 5080  1.24431e-05 9.00468e-06 8.75343e-06 8.48605e-06 3.86873e-05
1 5090  1.20778e-05 8.85255e-06 8.60113e-06 8.38978e-06 3.79212e-05
1 5100  1.17745e-05 8.73176e-06 8.42551e-06 8.23851e-06 3.71703e-05
1 5110  1.16601e-05 8.46258e-06 8.27354e-06 8.03811e-06 3.64343e-05
1 5120  1.13704e-05 8.31474e-06 8.12909e-06 7.89865e-06 3.57128e-05
1 5130  1.11302e-05 8.16391e-06 7.95302e-06 7.75857e-06 3.50057e-05
1 5140  1.1008e-05 8.01141e-06 7.7296e-06 7.56354e-06 3.43125e-05
1 5150  1.0698e-05 7.86105e-06 7.6284e-06 7.44565e-06 3.36331e-05
1 5160  1.04761e-05 7.66921e-06 7.53754e-06 7.28425e-06 3.29671e-05
1 5170  1.02887e-05 7.5285e-06 7.39498e-06 7.10217e-06 3.23143e-05
1 5180  1.01404e-05 7.41295e-06 7.17155e-06 6.94952e-06 3.16745e-05
1 5190  9.91172e-06 7.25395e-06 7.01124e-06 6.87034e-06 3.10473e-05
1 5200  9.71028e-06 7.08742e-06 6.91008e-06 6.7247e-06 3.04325e-05
1 5210  9.52637e-06 6.92739e-06 6.80565e-06 6.57047e-06 2.98299e-05
1 5220  9.31428e-06 6.80384e-06 6.65254e-06 6.46855e-06 2.92392e-05
1 5230  9.12395e-06 6.70123e-06 6.51224e-06 6.32282e-06 2.86602e-05
1 5240  8.91637e-06 6.57331e-06 6.40618e-06 6.19686e-06 2.80927e-05
1 5250  8.83048e-06 6.39952e-06 6.22231e-06 6.08413e-06 2.75364e-05
1 5260  8.6465e-06 6.29315e-06 6.10375e-06 5.94779e-06 2.69912e-05
1 5270  8.40693e-06 6.16299e-06 6.04868e-06 5.83813e-06 2.64567e-05
1 5280  8.24948e-06 6.03548e-06 5.91351e-06 5.73438e-06 2.59329e-05
1 5290  8.11469e-06 5.92801e-06 5.75443e-06 5.6222e-06 2.54193e-05
1 5300  7.93051e-06 5.83703e-06 5.64984e-06 5.49863e-06 2.4916e-05
1 5310  7.79033e-06 5.68837e-06 5.57045e-06 5.37349e-06 2.44226e-05
1 5320  7.62814e-06 5.55542e-06 5.47282e-06 5.28266e-06 2.3939e-05
1 5330  7.50497e-06 5.4803e-06 5.30266e-06 5.17709e-06 2.3465e-05
1 5340  7.31657e-06 5.37238e-06 5.21679e-06 5.09464e-06 2.30004e-05
1 5350  7.13633e-06 5.27356e-06 5.15564e-06 4.97941e-06 2.25449e-05
1 5360  7.00922e-06 5.14647e-06 5.05365e-06 4.88918e-06 2.20985e-05
1 5370  6.94244e-06 5.05961e-06 4.89078e-06 4.76811e-06 2.16609e-05
1 5380  6.79085e-06 4.95698e-06 4.8036e-06 4.68059e-06 2.1232e-05
1 5390  6.62963e-06 4.85537e-06 4.72535e-06 4.60125e-06 2.08116e-05
1 5400  6.54739e-06 4.74916e-06 4.60597e-06 4.49698e-06 2.03995e-05
1 5410  6.36444e-06 4.6619e-06 4.53957e-06 4.42965e-06 1.99956e-05
1 5420  6.19831e-06 4.55993e-06 4.47925e-06 4.36214e-06 1.95996e-05
1 5430  6.12273e-06 4.48838e-06 4.34968e-06 4.25074e-06 1.92115e-05
1 5440  6.04177e-06 4.38714e-06 4.23533e-06 4.16687e-06 1.88311e-05
1 5450  5.89753e-06 4.29263e-06 4.16517e-06 4.10291e-06 1.84582e-05
1 5460  5.71097e-06 4.20782e-06 4.14465e-06 4.02929e-06 1.80927e-05
1 5470  5.63246e-06 4.13234e-06 4.04589e-06 3.92378e-06 1.77345e-05
1 5480  5.54069e-06 4.06816e-06 3.93615e-06 3.83831e-06 1.73833e-05
1 5490  5.41213e-06 3.98631e-06 3.85926e-06 3.7814e-06 1.70391e-05
1 5500  5.28593e-06 3.92561e-06 3.78865e-06 3.70151e-06 1.67017e-05
1 5510  5.21135e-06 3.82377e-06 3.71834e-06 3.61752e-06 1.6371e-05
1 5520  5.0949e-06 3.75582e-06 3.64332e-06 3.55278e-06 1.60468e-05
1 5530  4.98148e-06 3.6677e-06 3.58645e-06 3.49344e-06 1.57291e-05
1 5540  4.9299e-06 3.58495e-06 3.49552e-06 3.40724e-06 1.54176e-05
1 5550  4.79987e-06 3.5442e-06 3.41293e-06 3.35532e-06 1.51123e-05
1 5560  4.72526e-06 3.46189e-06 3.34325e-06 3.28268e-06 1.48131e-05
1 5570  4.60331e-06 3.39319e-06 3.31256e-06 3.2107e-06 1.45198e-05
1 5580  4.56939e-06 3.30275e-06 3.21993e-06 3.14018e-06 1.42323e-05
1 5590  4.42582e-06 3.26009e-06 3.15672e-06 3.10781e-06 1.39504e-05
1 5600  4.36397e-06 3.19369e-06 3.09035e-06 3.02619e-06 1.36742e-05
1 5610  4.22498e-06 3.11992e-06 3.078e-06 2.98053e-06 1.34034e-05
1 5620  4.20152e-06 3.05984e-06 2.97849e-06 2.89818e-06 1.3138e-05
1 5630  4.12547e-06 3.00948e-06 2.90008e-06 2.84284e-06 1.28779e-05
1 5640  4.03064e-06 2.95312e-06 2.85321e-06 2.7859e-06 1.26229e-05
1 5650  3.93344e-06 2.86502e-06 2.82936e-06 2.74511e-06 1.23729e-05
1 5660  3.84818e-06 2.82759e-06 2.75975e-06 2.6924e-06 1.21279e-05
1 5670  3.80077e-06 2.76314e-06 2.69933e-06 2.62454e-06 1.18878e-05
1 5680  3.72637e-06 2.72996e-06 2.63494e-06 2.56112e-06 1.16524e-05
1 5690  3.6951e-06 2.66093e-06 2.55332e-06 2.5123e-06 1.14216e-05
1 5700  3.57359e-06 2.61041e-06 2.52606e-06 2.48543e-06 1.11955e-05
1 5710  3.45374e-06 2.54541e-06 2.51558e-06 2.45907e-06 1.09738e-05
1 5720  3.43172e-06 2.48427e-06 2.44924e-06 2.39127e-06 1.07565e-05
1 5730  3.35562e-06 2.47485e-06 2.3797e-06 2.33334e-06 1.05435e-05
1 5740  3.29908e-06 2.42158e-06 2.32726e-06 2.28682e-06 1.03347e-05
1 5750  3.21697e-06 2.36844e-06 2.30321e-06 2.24148e-06 1.01301e-05
1 5760  3.16992e-06 2.30251e-06 2.26211e-06 2.19496e-06 9.9295e-06
1 5770  3.0753e-06 2.27369e-06 2.21326e-06 2.17064e-06 9.73289e-06
1 5780  3.0104e-06 2.22125e-06 2.18277e-06 2.12575e-06 9.54016e-06
1 5790  2.97896e-06 2.17761e-06 2.12673e-06 2.06796e-06 9.35125e-06
1 5800  2.92842e-06 2.14045e-06 2.06592e-06 2.03129e-06 9.16609e-06
1 5810  2.85912e-06 2.10504e-06 2.03415e-06 1.98627e-06 8.98459e-06
1 5820  2.78224e-06 2.05733e-06 2.0142e-06 1.95291e-06 8.80668e-06
1 5830  2.76706e-06 2.00057e-06 1.95302e-06 1.91165e-06 8.6323e-06
1 5840  2.70316e-06 1.98524e-06 1.90254e-06 1.87043e-06 8.46137e-06
1 5850  2.63131e-06 1.9407e-06 1.88817e-06 1.83363e-06 8.29382e-06
1 5860  2.58699e-06 1.89226e-06 1.85494e-06 1.7954e-06 8.12959e-06
1 5870  2.55755e-06 1.84908e-06 1.80024e-06 1.76174e-06 7.96861e-06
1 5880  2.48445e-06 1.82593e-06 1.7665e-06 1.73395e-06 7.81082e-06
1 5890  2.43131e-06 1.79781e-06 1.73326e-06 1.69378e-06 7.65616e-06
1 5900  2.39737e-06 1.73972e-06 1.70416e-06 1.66331e-06 7.50456e-06
1 5910  2.35521e-06 1.70122e-06 1.66943e-06 1.63009e-06 7.35596e-06
1 5920  2.28503e-06 1.673e-06 1.64866e-06 1.60361e-06 7.2103e-06
1 5930  2.24985e-06 1.65998e-06 1.59341e-06 1.56429e-06 7.06753e-06
1 5940  2.23033e-06 1.61111e-06 1.55768e-06 1.52845e-06 6.92758e-06
1 5950  2.17045e-06 1.58192e-06 1.53998e-06 1.49806e-06 6.7904e-06
1 5960  2.09665e-06 1.5554e-06 1.52389e-06 1.48001e-06 6.65595e-06
1 5970  2.0663e-06 1.52242e-06 1.48449e-06 1.45094e-06 6.52415e-06
1 5980  2.04011e-06 1.49331e-06 1.44699e-06 1.41455e-06 6.39496e-06
1 5990  2.00073e-06 1.46953e-06 1.41187e-06 1.3862e-06 6.26833e-06
1 6000  1.96216e-06 1.42952e-06 1.39451e-06 1.35802e-06 6.14421e-06
1 6010  1.90655e-06 1.4024e-06 1.37905e-06 1.33456e-06 6.02255e-06
1 6020  1.86995e-06 1.3802e-06 1.33973e-06 1.31341e-06 5.90329e-06
1 6030  1.83875e-06 1.34938e-06 1.31207e-06 1.28619e-06 5.7864e-06
1 6040  1.81043e-06 1.32727e-06 1.28491e-06 1.24922e-06 5.67182e-06
1 6050  1.75782e-06 1.29887e-06 1.26916e-06 1.23366e-06 5.55951e-06
1 6060  1.72982e-06 1.27315e-06 1.23919e-06 1.20727e-06 5.44943e-06
1 6070  1.69431e-06 1.24918e-06 1.21432e-06 1.18371e-06 5.34152e-06
1 6080  1.67921e-06 1.21569e-06 1.18296e-06 1.15789e-06 5.23575e-06
1 6090  1.62637e-06 1.1968e-06 1.16811e-06 1.14081e-06 5.13208e-06
1 6100  1.58455e-06 1.17819e-06 1.15e-06 1.11771e-06 5.03046e-06
1 6110  1.57293e-06 1.14904e-06 1.12056e-06 1.08832e-06 4.93085e-06
1 6120  1.54233e-06 1.12244e-06 1.0979e-06 1.07054e-06 4.83321e-06
1 6130  1.50347e-06 1.11046e-06 1.07724e-06 1.04632e-06 4.7375e-06
1 6140  1.46998e-06 1.09057e-06 1.05697e-06 1.02618e-06 4.6437e-06
1 6150  1.44875e-06 1.066e-06 1.03389e-06 1.0031e-06 4.55174e-06
1 6160  1.4072e-06 1.03456e-06 1.02425e-06 9.9561e-07 4.46161e-06
1 6170  1.38025e-06 1.02167e-06 9.99996e-07 9.71345e-07 4.37327e-06
1 6180  1.37685e-06 9.99629e-07 9.69137e-07 9.41058e-07 4.28667e-06
1 6190  1.34155e-06 9.87329e-07 9.4651e-07 9.26401e-07 4.20179e-06
1 6200  1.29768e-06 9.62334e-07 9.37807e-07 9.2077e-07 4.11859e-06
1 6210  1.27827e-06 9.42424e-07 9.20931e-07 8.95411e-07 4.03704e-06
1 6220  1.25149e-06 9.25287e-07 9.04772e-07 8.75542e-07 3.9571e-06
1 6230  1.22362e-06 9.08535e-07 8.84026e-07 8.62555e-07 3.87874e-06
1 6240  1.20616e-06 8.86473e-07 8.65285e-07 8.44016e-07 3.80194e-06
1 6250  1.18984e-06 8.70632e-07 8.4481e-07 8.21367e-07 3.72665e-06
1 6260  1.16842e-06 8.4791e-07 8.30592e-07 8.05944e-07 3.65286e-06
1 6270  1.1272e-06 8.34271e-07 8.20733e-07 7.98329e-07 3.58053e-06
1 6280  1.10764e-06 8.23682e-07 7.9747e-07 7.80833e-07 3.50963e-06
1 6290  1.10083e-06 8.03964e-07 7.74435e-07 7.60909e-07 3.44013e-06
1 6300  1.07312e-06 7.82281e-07 7.68948e-07 7.47664e-07 3.37202e-06
1 6310  1.04344e-06 7.68469e-07 7.54951e-07 7.38384e-07 3.30524e-06
1 6320  1.03207e-06 7.55779e-07 7.31215e-07 7.20733e-07 3.2398e-06
1 6330  1.01794e-06 7.3983e-07 7.1564e-07 7.02234e-07 3.17564e-06
1 6340  9.90416e-07 7.28066e-07 7.04438e-07 6.89842e-07 3.11276e-06
1 6350  9.63783e-07 7.14548e-07 6.93631e-07 6.79164e-07 3.05113e-06
1 6360  9.52533e-07 6.95183e-07 6.81266e-07 6.61727e-07 2.99071e-06
1 6370  9.35837e-07 6.80042e-07 6.63664e-07 6.51947e-07 2.93149e-06
1 6380  9.16969e-07 6.7239e-07 6.43677e-07 6.40406e-07 2.87344e-06
1 6390  8.96423e-07 6.56915e-07 6.38804e-07 6.24401e-07 2.81654e-06
1 6400  8.70725e-07 6.44933e-07 6.33948e-07 6.11167e-07 2.76077e-06
1 6410  8.54948e-07 6.33973e-07 6.16748e-07 6.00436e-07 2.70611e-06
1 6420  8.44225e-07 6.16599e-07 6.03298e-07 5.88399e-07 2.65252e-06
1 6430  8.31448e-07 6.04761e-07 5.88537e-07 5.75252e-07 2.6e-06
1 6440  8.12577e-07 5.93408e-07 5.77107e-07 5.65423e-07 2.54851e-06
1 6450  7.89282e-07 5.83949e-07 5.69864e-07 5.54956e-07 2.49805e-06
1 6460  7.72141e-07 5.68974e-07 5.6205e-07 5.45421e-07 2.44859e-06
1 6470  7.61983e-07 5.61283e-07 5.44978e-07 5.31857e-07 2.4001e-06
1 6480  7.50793e-07 5.49885e-07 5.31007e-07 5.2089e-07 2.35258e-06
1 6490  7.29859e-07 5.37438e-07 5.22994e-07 5.157e-07 2.30599e-06
1 6500  7.19635e-07 5.23343e-07 5.13489e-07 5.03863e-07 2.26033e-06
1 6510  7.03469e-07 5.17398e-07 5.04336e-07 4.90368e-07 2.21557e-06
1 6520  6.91041e-07 5.07277e-07 4.91898e-07 4.81485e-07 2.1717e-06
1 6530  6.73551e-07 4.97306e-07 4.83696e-07 4.74145e-07 2.1287e-06
1 6540  6.64994e-07 4.8249e-07 4.76097e-07 4.62966e-07 2.08655e-06
1 6550  6.52564e-07 4.76237e-07 4.63209e-07 4.5322e-07 2.04523e-06
1 6560  6.35616e-07 4.67369e-07 4.54991e-07 4.46756e-07 2.00473e-06
1 6570  6.26289e-07 4.57378e-07 4.46537e-07 4.34832e-07 1.96504e-06
1 6580  6.15762e-07 4.459e-07 4.38204e-07 4.2626e-07 1.92613e-06
1 6590  6.00131e-07 4.42034e-07 4.27752e-07 4.1807e-07 1.88799e-06
1 6600  5.86978e-07 4.30254e-07 4.22367e-07 4.11003e-07 1.8506e-06
1 6610  5.80698e-07 4.22239e-07 4.10618e-07 4.00402e-07 1.81396e-06
1 6620  5.68647e-07 4.1424e-07 4.02531e-07 3.9262e-07 1.77804e-06
1 6630  5.53846e-07 4.08801e-07 3.93869e-07 3.86314e-07 1.74283e-06
1 6640  5.43654e-07 3.98803e-07 3.86867e-07 3.78997e-07 1.70832e-06
1 6650  5.33842e-07 3.89394e-07 3.80847e-07 3.70411e-07 1.67449e-06
1 6660  5.22531e-07 3.81148e-07 3.7444e-07 3.63217e-07 1.64134e-06
1 6670  5.07862e-07 3.76669e-07 3.65249e-07 3.59056e-07 1.60884e-06
1 6680  5.01481e-07 3.69557e-07 3.55381e-07 3.50559e-07 1.57698e-06
1 6690  4.92945e-07 3.59828e-07 3.5143e-07 3.41549e-07 1.54575e-06
1 6700  4.80539e-07 3.52054e-07 3.46709e-07 3.35842e-07 1.51514e-06
1 6710  4.66926e-07 3.4608e-07 3.40232e-07 3.31903e-07 1.48514e-06
1 6720  4.63581e-07 3.38767e-07 3.29787e-07 3.23599e-07 1.45573e-06
1 6730  4.5227e-07 3.33186e-07 3.23865e-07 3.17588e-07 1.42691e-06
1 6740  4.43567e-07 3.27342e-07 3.17258e-07 3.10487e-07 1.39865e-06
1 6750  4.3335e-07 3.20423e-07 3.1284e-07 3.04346e-07 1.37096e-06
1 6760  4.2979e-07 3.12398e-07 3.04599e-07 2.97026e-07 1.34381e-06
1 6770  4.16249e-07 3.0736e-07 2.9959e-07 2.94005e-07 1.3172e-06
1 6780  4.10523e-07 3.02849e-07 2.90941e-07 2.86808e-07 1.29112e-06
1 6790  4.04066e-07 2.94495e-07 2.87381e-07 2.79612e-07 1.26555e-06
1 6800  3.94315e-07 2.90147e-07 2.81729e-07 2.74304e-07 1.2405e-06
1 6810  3.84278e-07 2.85913e-07 2.75625e-07 2.70116e-07 1.21593e-06
1 6820  3.79969e-07 2.78434e-07 2.68616e-07 2.64835e-07 1.19185e-06
1 6830  3.72345e-07 2.72343e-07 2.63963e-07 2.59604e-07 1.16825e-06
1 6840  3.61802e-07 2.67948e-07 2.6043e-07 2.54941e-07 1.14512e-06
1 6850  3.555e-07 2.62819e-07 2.5566e-07 2.48468e-07 1.12245e-06
1 6860  3.49445e-07 2.55415e-07 2.51187e-07 2.44173e-07 1.10022e-06
1 6870  3.4312e-07 2.51492e-07 2.44308e-07 2.39515e-07 1.07843e-06
1 6880  3.35824e-07 2.46946e-07 2.3961e-07 2.34701e-07 1.05708e-06
1 6890  3.30109e-07 2.41738e-07 2.34886e-07 2.29415e-07 1.03615e-06
1 6900  3.21368e-07 2.36486e-07 2.32366e-07 2.25411e-07 1.01563e-06
1 6910  3.1694e-07 2.32298e-07 2.26363e-07 2.19919e-07 9.95521e-07
1 6920  3.10752e-07 2.26861e-07 2.21797e-07 2.16399e-07 9.75808e-07
1 6930  3.03563e-07 2.24333e-07 2.17177e-07 2.11414e-07 9.56486e-07
1 6940  2.97065e-07 2.19323e-07 2.14502e-07 2.06655e-07 9.37546e-07
1 6950  2.89736e-07 2.15556e-07 2.10025e-07 2.03666e-07 9.18981e-07
1 6960  2.85547e-07 2.10255e-07 2.05183e-07 1.99799e-07 9.00784e-07
1 6970  2.80675e-07 2.05293e-07 2.01007e-07 1.95973e-07 8.82948e-07
1 6980  2.75138e-07 2.00943e-07 1.97206e-07 1.92178e-07 8.65464e-07
1 6990  2.68057e-07 1.98859e-07 1.93484e-07 1.87928e-07 8.48327e-07
1 7000  2.64349e-07 1.94351e-07 1.88984e-07 1.83845e-07 8.31529e-07
1 7010  2.60165e-07 1.89388e-07 1.84506e-07 1.81003e-07 8.15063e-07
1 7020  2.52734e-07 1.86021e-07 1.82282e-07 1.77886e-07 7.98924e-07
1 7030  2.46015e-07 1.83422e-07 1.79079e-07 1.74588e-07 7.83104e-07
1 7040  2.44169e-07 1.77702e-07 1.74939e-07 1.70788e-07 7.67598e-07
1 7050  2.4051e-07 1.75229e-07 1.70776e-07 1.65884e-07 7.52398e-07
1 7060  2.35615e-07 1.71437e-07 1.66969e-07 1.63478e-07 7.375e-07
1 7070  2.28396e-07 1.69622e-07 1.63584e-07 1.61294e-07 7.22896e-07
1 7080  2.25858e-07 1.64098e-07 1.615e-07 1.57127e-07 7.08582e-07
1 7090  2.18983e-07 1.61542e-07 1.59625e-07 1.54401e-07 6.94551e-07
1 7100  2.16361e-07 1.58835e-07 1.5412e-07 1.51482e-07 6.80798e-07
1 7110  2.12574e-07 1.55853e-07 1.50857e-07 1.48033e-07 6.67317e-07
1 7120  2.09719e-07 1.51782e-07 1.48208e-07 1.44394e-07 6.54104e-07
1 7130  2.03585e-07 1.493e-07 1.45766e-07 1.42501e-07 6.41152e-07
1 7140  2.00214e-07 1.46134e-07 1.42918e-07 1.3919e-07 6.28456e-07
1 7150  1.96004e-07 1.42589e-07 1.41078e-07 1.3634e-07 6.16012e-07
1 7160  1.92435e-07 1.39955e-07 1.37661e-07 1.33762e-07 6.03814e-07
1 7170  1.86924e-07 1.38251e-07 1.34952e-07 1.31731e-07 5.91857e-07
1 7180  1.85358e-07 1.35145e-07 1.31193e-07 1.28442e-07 5.80138e-07
1 7190  1.81117e-07 1.32729e-07 1.28913e-07 1.25892e-07 5.6865e-07
1 7200  1.76217e-07 1.30366e-07 1.27033e-07 1.23775e-07 5.5739e-07
1 7210  1.72564e-07 1.27713e-07 1.24152e-07 1.21924e-07 5.46353e-07
1 7220  1.71417e-07 1.24363e-07 1.20368e-07 1.19388e-07 5.35535e-07
1 7230  1.6692e-07 1.22819e-07 1.18349e-07 1.16843e-07 5.2493e-07
1 7240  1.6305e-07 1.19817e-07 1.17217e-07 1.14452e-07 5.14536e-07
1 7250  1.59989e-07 1.1807e-07 1.14507e-07 1.11782e-07 5.04348e-07
1 7260  1.57857e-07 1.15394e-07 1.11725e-07 1.09385e-07 4.94361e-07
1 7270  1.52847e-07 1.137e-07 1.09947e-07 1.08078e-07 4.84572e-07
1 7280  1.49599e-07 1.11141e-07 1.08066e-07 1.0617e-07 4.74977e-07
1 7290  1.48506e-07 1.08288e-07 1.05905e-07 1.02873e-07 4.65572e-07
1 7300  1.4513e-07 1.05995e-07 1.04594e-07 1.00633e-07 4.56353e-07
1 7310  1.41601e-07 1.05234e-07 1.01584e-07 9.88976e-08 4.47316e-07
1 7320  1.38123e-07 1.03027e-07 9.96769e-08 9.76316e-08 4.38459e-07
1 7330  1.3679e-07 9.99633e-08 9.77858e-08 9.52378e-08 4.29777e-07
1 7340  1.32242e-07 9.88071e-08 9.65311e-08 9.36859e-08 4.21267e-07
1 7350  1.3047e-07 9.69798e-08 9.38491e-08 9.1626e-08 4.12925e-07
1 7360  1.289e-07 9.43178e-08 9.18096e-08 8.97207e-08 4.04748e-07
1 7370  1.27028e-07 9.27947e-08 8.93919e-08 8.75188e-08 3.96734e-07
1 7380  1.2333e-07 9.07033e-08 8.84524e-08 8.63926e-08 3.88878e-07
1 7390  1.20848e-07 8.87005e-08 8.66827e-08 8.49462e-08 3.81178e-07
1 7400  1.18576e-07 8.74926e-08 8.47053e-08 8.28557e-08 3.7363e-07
1 7410  1.16485e-07 8.57353e-08 8.29913e-08 8.102e-08 3.66232e-07
1 7420  1.14305e-07 8.38259e-08 8.14637e-08 7.93848e-08 3.5898e-07
1 7430  1.12258e-07 8.1987e-08 7.97794e-08 7.78474e-08 3.51871e-07
1 7440  1.09366e-07 8.07677e-08 7.86177e-08 7.61525e-08 3.44904e-07
1 7450  1.07056e-07 7.91782e-08 7.7076e-08 7.4764e-08 3.38074e-07
1 7460  1.04835e-07 7.73916e-08 7.54272e-08 7.37259e-08 3.3138e-07
1 7470  1.02156e-07 7.63542e-08 7.40883e-08 7.22195e-08 3.24818e-07
1 7480  1.0056e-07 7.46163e-08 7.26776e-08 7.0533e-08 3.18386e-07
1 7490  9.89846e-08 7.26931e-08 7.10833e-08 6.9321e-08 3.12082e-07
1 7500  9.70873e-08 7.11669e-08 6.96446e-08 6.80035e-08 3.05902e-07
1 7510  9.55955e-08 7.00365e-08 6.79025e-08 6.63105e-08 2.99845e-07
1 7520  9.30444e-08 6.91471e-08 6.65024e-08 6.52138e-08 2.93908e-07
1 7530  9.07759e-08 6.71938e-08 6.57463e-08 6.4372e-08 2.88088e-07
1 7540  8.96151e-08 6.53842e-08 6.436e-08 6.30241e-08 2.82383e-07
1 7550  8.80212e-08 6.44566e-08 6.28512e-08 6.14629e-08 2.76792e-07
1 7560  8.60582e-08 6.37223e-08 6.1501e-08 6.00295e-08 2.71311e-07
1 7570  8.43458e-08 6.18829e-08 6.04531e-08 5.92569e-08 2.65939e-07
1 7580  8.24438e-08 6.09579e-08 5.91558e-08 5.81152e-08 2.60673e-07
1 7590  8.09042e-08 5.98336e-08 5.80914e-08 5.66818e-08 2.55511e-07
1 7600  7.91132e-08 5.89896e-08 5.68701e-08 5.54787e-08 2.50452e-07
1 7610  7.77939e-08 5.70215e-08 5.60513e-08 5.46257e-08 2.45492e-07
1 7620  7.64121e-08 5.62436e-08 5.47468e-08 5.32288e-08 2.40631e-07
1 7630  7.49321e-08 5.52275e-08 5.34959e-08 5.2211e-08 2.35866e-07
1 7640  7.30957e-08 5.40261e-08 5.25373e-08 5.1537e-08 2.31196e-07
1 7650  7.17294e-08 5.25822e-08 5.17433e-08 5.05632e-08 2.26618e-07
1 7660  7.07143e-08 5.19332e-08 5.03005e-08 4.91827e-08 2.22131e-07
1 7670  6.93891e-08 5.06981e-08 4.92148e-08 4.84303e-08 2.17732e-07
1 7680  6.7916e-08 4.94096e-08 4.85485e-08 4.75467e-08 2.13421e-07
1 7690  6.64936e-08 4.86587e-08 4.756e-08 4.64824e-08 2.09195e-07
1 7700  6.52454e-08 4.79055e-08 4.63667e-08 4.55349e-08 2.05052e-07
1 7710  6.39024e-08 4.69231e-08 4.5447e-08 4.47196e-08 2.00992e-07
1 7720  6.25754e-08 4.57256e-08 4.4859e-08 4.38523e-08 1.97012e-07
1 7730  6.13428e-08 4.50127e-08 4.39005e-08 4.28553e-08 1.93111e-07
1 7740  6.01182e-08 4.40412e-08 4.30732e-08 4.20546e-08 1.89287e-07
1 7750  5.9228e-08 4.30224e-08 4.21131e-08 4.11757e-08 1.85539e-07
1 7760  5.74409e-08 4.24165e-08 4.15992e-08 4.04087e-08 1.81865e-07
1 7770  5.65823e-08 4.17555e-08 4.04938e-08 3.94325e-08 1.78264e-07
1 7780  5.53737e-08 4.08395e-08 3.97079e-08 3.88131e-08 1.74734e-07
1 7790  5.40062e-08 3.99348e-08 3.93075e-08 3.80257e-08 1.71274e-07
1 7800  5.29299e-08 3.89998e-08 3.8625e-08 3.7328e-08 1.67883e-07
1 7810  5.23676e-08 3.8592e-08 3.71893e-08 3.64096e-08 1.64558e-07
1 7820  5.1291e-08 3.74213e-08 3.66548e-08 3.59329e-08 1.613e-07
1 7830  4.99483e-08 3.68658e-08 3.6174e-08 3.51179e-08 1.58106e-07
1 7840  4.89404e-08 3.62692e-08 3.53485e-08 3.44172e-08 1.54975e-07
1 7850  4.77212e-08 3.5628e-08 3.46641e-08 3.38933e-08 1.51907e-07
1 7860  4.72594e-08 3.45613e-08 3.39945e-08 3.30834e-08 1.48899e-07
1 7870  4.65043e-08 3.39653e-08 3.31788e-08 3.23018e-08 1.4595e-07
1 7880  4.5424e-08 3.34554e-08 3.24096e-08 3.17712e-08 1.4306e-07
1 7890  4.41431e-08 3.27791e-08 3.19854e-08 3.13199e-08 1.40227e-07
1 7900  4.36015e-08 3.20093e-08 3.13108e-08 3.05292e-08 1.37451e-07
1 7910  4.27056e-08 3.12273e-08 3.07153e-08 3.00809e-08 1.34729e-07
1 7920  4.19996e-08 3.06938e-08 2.98861e-08 2.94816e-08 1.32061e-07
1 7930  4.11208e-08 3.01147e-08 2.94489e-08 2.87619e-08 1.29446e-07
1 7940  4.01326e-08 2.95364e-08 2.9065e-08 2.8149e-08 1.26883e-07
1 7950  3.9418e-08 2.8984e-08 2.83331e-08 2.76355e-08 1.24371e-07
1 7960  3.87532e-08 2.84707e-08 2.76115e-08 2.70726e-08 1.21908e-07
1 7970  3.78361e-08 2.77363e-08 2.73181e-08 2.66035e-08 1.19494e-07
1 7980  3.72798e-08 2.72238e-08 2.67166e-08 2.59076e-08 1.17128e-07
1 7990  3.63757e-08 2.68382e-08 2.60949e-08 2.54997e-08 1.14809e-07
1 8000  3.57069e-08 2.63847e-08 2.54016e-08 2.5042e-08 1.12535e-07
1 8010  3.50439e-08 2.57129e-08 2.50682e-08 2.44818e-08 1.10307e-07
1 8020  3.42694e-08 2.50806e-08 2.4762e-08 2.40105e-08 1.08123e-07
1 8030  3.36356e-08 2.47003e-08 2.4147e-08 2.34987e-08 1.05982e-07
1 8040  3.31145e-08 2.41199e-08 2.36093e-08 2.30393e-08 1.03883e-07
1 8050  3.24196e-08 2.37701e-08 2.30461e-08 2.25902e-08 1.01826e-07
1 8060  3.18154e-08 2.32131e-08 2.26438e-08 2.21374e-08 9.98097e-08
1 8070  3.11131e-08 2.28377e-08 2.22532e-08 2.16294e-08 9.78334e-08
1 8080  3.046e-08 2.22443e-08 2.19069e-08 2.12849e-08 9.58962e-08
1 8090  2.98624e-08 2.18948e-08 2.13969e-08 2.08431e-08 9.39973e-08
1 8100  2.91849e-08 2.14272e-08 2.10623e-08 2.04616e-08 9.2136e-08
1 8110  2.86319e-08 2.10416e-08 2.05654e-08 2.00728e-08 9.03116e-08
1 8120  2.81978e-08 2.04959e-08 2.01278e-08 1.97018e-08 8.85233e-08
1 8130  2.75981e-08 2.02229e-08 1.96887e-08 1.92607e-08 8.67704e-08
1 8140  2.68519e-08 1.97823e-08 1.94247e-08 1.89934e-08 8.50523e-08
1 8150  2.63562e-08 1.94636e-08 1.89921e-08 1.85562e-08 8.33681e-08
1 8160  2.58652e-08 1.91215e-08 1.86351e-08 1.80956e-08 8.17173e-08
1 8170  2.5361e-08 1.86933e-08 1.82153e-08 1.78296e-08 8.00992e-08
1 8180  2.49208e-08 1.82979e-08 1.7758e-08 1.75364e-08 7.85131e-08
1 8190  2.4527e-08 1.7857e-08 1.75113e-08 1.70632e-08 7.69585e-08
1 8200  2.38479e-08 1.76929e-08 1.71674e-08 1.67264e-08 7.54346e-08
1 8210  2.34634e-08 1.73006e-08 1.66905e-08 1.64864e-08 7.39409e-08
1 8220  2.3147e-08 1.6887e-08 1.63713e-08 1.60714e-08 7.24768e-08
1 8230  2.24665e-08 1.6594e-08 1.62429e-08 1.57382e-08 7.10416e-08
1 8240  2.20307e-08 1.61704e-08 1.58915e-08 1.55424e-08 6.96349e-08
1 8250  2.16803e-08 1.5848e-08 1.54576e-08 1.52701e-08 6.8256e-08
1 8260  2.12298e-08 1.5672e-08 1.51442e-08 1.48585e-08 6.69045e-08
1 8270  2.0578e-08 1.53638e-08 1.50156e-08 1.46223e-08 6.55797e-08
1 8280  2.04435e-08 1.49509e-08 1.45808e-08 1.43059e-08 6.42811e-08
1 8290  2.00402e-08 1.46516e-08 1.42791e-08 1.40375e-08 6.30083e-08
1 8300  1.9692e-08 1.44002e-08 1.39813e-08 1.36871e-08 6.17606e-08
1 8310  1.91626e-08 1.41522e-08 1.37857e-08 1.34372e-08 6.05377e-08
1 8320  1.88515e-08 1.38691e-08 1.34825e-08 1.31358e-08 5.93389e-08
1 8330  1.84451e-08 1.35883e-08 1.32242e-08 1.29064e-08 5.8164e-08
1 8340  1.80303e-08 1.33816e-08 1.29218e-08 1.26786e-08 5.70122e-08
1 8350  1.78131e-08 1.29688e-08 1.26267e-08 1.24747e-08 5.58833e-08
1 8360  1.74522e-08 1.27905e-08 1.23694e-08 1.21646e-08 5.47768e-08
1 8370  1.70838e-08 1.24898e-08 1.22212e-08 1.18973e-08 5.36921e-08
1 8380  1.66189e-08 1.23358e-08 1.19896e-08 1.16846e-08 5.26289e-08
1 8390  1.63182e-08 1.20396e-08 1.17311e-08 1.14978e-08 5.15868e-08
1 8400  1.60604e-08 1.17739e-08 1.15108e-08 1.12202e-08 5.05653e-08
1 8410  1.56717e-08 1.15404e-08 1.13522e-08 1.09998e-08 4.95641e-08
1 8420  1.5375e-08 1.12887e-08 1.10993e-08 1.08196e-08 4.85826e-08
1 8430  1.50776e-08 1.11468e-08 1.08394e-08 1.05568e-08 4.76206e-08
1 8440  1.47481e-08 1.09265e-08 1.06633e-08 1.03398e-08 4.66777e-08
1 8450  1.45071e-08 1.07004e-08 1.03697e-08 1.01762e-08 4.57534e-08
1 8460  1.41737e-08 1.04559e-08 1.02183e-08 9.99949e-09 4.48474e-08
1 8470  1.39482e-08 1.02598e-08 9.99818e-09 9.75311e-09 4.39594e-08
1 8480  1.36308e-08 9.97793e-09 9.84357e-09 9.63659e-09 4.30889e-08
1 8490  1.35207e-08 9.77317e-09 9.57942e-09 9.36241e-09 4.22357e-08
1 8500  1.32047e-08 9.67501e-09 9.38984e-09 9.12987e-09 4.13994e-08
1 8510  1.28927e-08 9.48858e-09 9.19975e-09 8.99861e-09 4.05796e-08
1 8520  1.24895e-08 9.31236e-09 9.08467e-09 8.88956e-09 3.97761e-08
1 8530  1.23405e-08 9.06425e-09 8.91173e-09 8.672e-09 3.89885e-08
1 8540  1.21335e-08 8.89078e-09 8.7087e-09 8.48351e-09 3.82164e-08
1 8550  1.19002e-08 8.71566e-09 8.51256e-09 8.33128e-09 3.74597e-08
1 8560  1.16411e-08 8.54888e-09 8.38049e-09 8.14751e-09 3.6718e-08
1 8570  1.13682e-08 8.39377e-09 8.23784e-09 7.99113e-09 3.59909e-08
1 8580  1.11266e-08 8.25384e-09 8.03873e-09 7.85907e-09 3.52782e-08
1 8590  1.0971e-08 8.08087e-09 7.85969e-09 7.66813e-09 3.45797e-08
1 8600  1.07323e-08 7.91152e-09 7.70494e-09 7.54617e-09 3.38949e-08
1 8610  1.04913e-08 7.77246e-09 7.55679e-09 7.4032e-09 3.32238e-08
1 8620  1.03711e-08 7.59859e-09 7.37908e-09 7.21712e-09 3.25659e-08
1 8630  1.01751e-08 7.48415e-09 7.20789e-09 7.05395e-09 3.19211e-08
1 8640  9.85968e-09 7.35506e-09 7.09518e-09 6.97906e-09 3.1289e-08
1 8650  9.66094e-09 7.17162e-09 6.98819e-09 6.84866e-09 3.06694e-08
1 8660  9.49827e-09 7.02082e-09 6.86064e-09 6.68238e-09 3.00621e-08
1 8670  9.35787e-09 6.86715e-09 6.70697e-09 6.53486e-09 2.94668e-08
1 8680  9.17633e-09 6.73926e-09 6.5599e-09 6.40788e-09 2.88834e-08
1 8690  8.92882e-09 6.60016e-09 6.4697e-09 6.31275e-09 2.83114e-08
1 8700  8.78677e-09 6.49898e-09 6.30869e-09 6.15639e-09 2.77508e-08
1 8710  8.60984e-09 6.34494e-09 6.22074e-09 6.02581e-09 2.72013e-08
1 8720  8.40637e-09 6.2392e-09 6.10933e-09 5.90781e-09 2.66627e-08
1 8730  8.26077e-09 6.08442e-09 5.97172e-09 5.81785e-09 2.61347e-08
1 8740  8.13705e-09 5.97122e-09 5.82122e-09 5.68775e-09 2.56172e-08
1 8750  8.03428e-09 5.8602e-09 5.68414e-09 5.53137e-09 2.511e-08
1 8760  7.78491e-09 5.76783e-09 5.58281e-09 5.47723e-09 2.46128e-08
1 8770  7.6558e-09 5.62473e-09 5.50433e-09 5.34055e-09 2.41254e-08
1 8780  7.46726e-09 5.54386e-09 5.41156e-09 5.22503e-09 2.36477e-08
1 8790  7.31759e-09 5.43352e-09 5.26945e-09 5.15888e-09 2.31794e-08
1 8800  7.24066e-09 5.28745e-09 5.15354e-09 5.03882e-09 2.27205e-08
1 8810  7.08798e-09 5.20625e-09 5.0571e-09 4.91923e-09 2.22706e-08
1 8820  6.88223e-09 5.13572e-09 4.96941e-09 4.84221e-09 2.18296e-08
1 8830  6.78595e-09 4.9968e-09 4.88403e-09 4.73055e-09 2.13973e-08
1 8840  6.64727e-09 4.89084e-09 4.78107e-09 4.65445e-09 2.09736e-08
1 8850  6.46391e-09 4.82457e-09 4.6833e-09 4.58655e-09 2.05583e-08
1 8860  6.37063e-09 4.70776e-09 4.60403e-09 4.46882e-09 2.01512e-08
1 8870  6.29963e-09 4.57038e-09 4.5057e-09 4.37651e-09 1.97522e-08
1 8880  6.15787e-09 4.53091e-09 4.3812e-09 4.29112e-09 1.93611e-08
1 8890  5.99613e-09 4.46117e-09 4.29733e-09 4.2231e-09 1.89777e-08
1 8900  5.85755e-09 4.36658e-09 4.22921e-09 4.1486e-09 1.86019e-08
1 8910  5.77541e-09 4.24711e-09 4.16043e-09 4.05065e-09 1.82336e-08
1 8920  5.66276e-09 4.16936e-09 4.05944e-09 3.98099e-09 1.78725e-08
1 8930  5.60591e-09 4.07143e-09 3.9496e-09 3.89171e-09 1.75186e-08
1 8940  5.45534e-09 4.00065e-09 3.89462e-09 3.82114e-09 1.71718e-08
1 8950  5.32396e-09 3.93309e-09 3.80986e-09 3.76482e-09 1.68317e-08
1 8960  5.19192e-09 3.87294e-09 3.74659e-09 3.68699e-09 1.64984e-08
1 8970  5.12162e-09 3.77828e-09 3.69539e-09 3.57645e-09 1.61717e-08
1 8980  5.0214e-09 3.70811e-09 3.60756e-09 3.51445e-09 1.58515e-08
1 8990  4.93733e-09 3.62759e-09 3.51231e-09 3.46041e-09 1.55376e-08
1 9000  4.86088e-09 3.54286e-09 3.45034e-09 3.37591e-09 1.523e-08
1 9010  4.72255e-09 3.48295e-09 3.41332e-09 3.30959e-09 1.49284e-08
1 9020  4.60763e-09 3.41229e-09 3.34964e-09 3.26324e-09 1.46328e-08
1 9030  4.53091e-09 3.34227e-09 3.26833e-09 3.20154e-09 1.43431e-08
1 9040  4.49764e-09 3.25888e-09 3.18803e-09 3.11448e-09 1.4059e-08
1 9050  4.36024e-09 3.22301e-09 3.13633e-09 3.06107e-09 1.37807e-08
1 9060  4.27278e-09 3.15056e-09 3.08309e-09 3.00135e-09 1.35078e-08
1 9070  4.21775e-09 3.07813e-09 3.01315e-09 2.93128e-09 1.32403e-08
1 9080  4.10437e-09 3.02903e-09 2.95967e-09 2.88507e-09 1.29781e-08
1 9090  4.03285e-09 2.96142e-09 2.90036e-09 2.82652e-09 1.27211e-08
1 9100  3.93521e-09 2.92788e-09 2.84187e-09 2.76429e-09 1.24693e-08
1 9110  3.90144e-09 2.84455e-09 2.77025e-09 2.70611e-09 1.22223e-08
1 9120  3.79215e-09 2.79605e-09 2.72898e-09 2.66314e-09 1.19803e-08
1 9130  3.73361e-09 2.74714e-09 2.66968e-09 2.59266e-09 1.17431e-08
1 9140  3.65536e-09 2.69433e-09 2.6148e-09 2.54608e-09 1.15106e-08
1 9150  3.57726e-09 2.62567e-09 2.57519e-09 2.50452e-09 1.12826e-08
1 9160  3.48436e-09 2.5849e-09 2.53322e-09 2.45675e-09 1.10592e-08
1 9170  3.44388e-09 2.52912e-09 2.46306e-09 2.40419e-09 1.08402e-08
1 9180  3.38367e-09 2.46841e-09 2.41311e-09 2.3604e-09 1.06256e-08
1 9190  3.31324e-09 2.42429e-09 2.37558e-09 2.30209e-09 1.04152e-08
1 9200  3.2362e-09 2.37782e-09 2.33196e-09 2.26299e-09 1.0209e-08
1 9210  3.16193e-09 2.34344e-09 2.2749e-09 2.22655e-09 1.00068e-08
1 9220  3.09481e-09 2.29737e-09 2.23674e-09 2.17975e-09 9.80866e-09
1 9230  3.01402e-09 2.25846e-09 2.20139e-09 2.14056e-09 9.61444e-09
1 9240  3.00026e-09 2.21239e-09 2.13001e-09 2.0814e-09 9.42406e-09
1 9250  2.94521e-09 2.15948e-09 2.08839e-09 2.04437e-09 9.23745e-09
1 9260  2.86203e-09 2.11936e-09 2.05783e-09 2.01532e-09 9.05454e-09
1 9270  2.7887e-09 2.08062e-09 2.03114e-09 1.97479e-09 8.87524e-09
1 9280  2.74614e-09 2.04281e-09 1.98834e-09 1.92221e-09 8.6995e-09
1 9290  2.71614e-09 1.99171e-09 1.93422e-09 1.88517e-09 8.52724e-09
1 9300  2.64815e-09 1.96522e-09 1.8823e-09 1.86271e-09 8.35839e-09
1 9310  2.59529e-09 1.90969e-09 1.87066e-09 1.81725e-09 8.19288e-09
1 9320  2.55664e-09 1.86739e-09 1.8331e-09 1.77352e-09 8.03065e-09
1 9330  2.5108e-09 1.83755e-09 1.77651e-09 1.74677e-09 7.87164e-09
1 9340  2.45481e-09 1.80285e-09 1.74033e-09 1.71778e-09 7.71577e-09
1 9350  2.40065e-09 1.76282e-09 1.72202e-09 1.6775e-09 7.56298e-09
1 9360  2.34812e-09 1.72781e-09 1.69228e-09 1.64501e-09 7.41323e-09
1 9370  2.29895e-09 1.70161e-09 1.65e-09 1.61589e-09 7.26644e-09
1 9380  2.26558e-09 1.66061e-09 1.61857e-09 1.57779e-09 7.12255e-09
1 9390  2.21658e-09 1.63517e-09 1.58443e-09 1.54533e-09 6.98151e-09
1 9400  2.17797e-09 1.59501e-09 1.54739e-09 1.5229e-09 6.84327e-09
1 9410  2.12593e-09 1.57347e-09 1.51733e-09 1.49104e-09 6.70777e-09
1 9420  2.08757e-09 1.53301e-09 1.50374e-09 1.45062e-09 6.57494e-09
1 9430  2.04336e-09 1.50923e-09 1.46878e-09 1.42338e-09 6.44475e-09
1 9440  1.99718e-09 1.48455e-09 1.43286e-09 1.40255e-09 6.31714e-09
1 9450  1.9673e-09 1.44932e-09 1.40535e-09 1.37009e-09 6.19205e-09
1 9460  1.91769e-09 1.41571e-09 1.39239e-09 1.34365e-09 6.06944e-09
1 9470  1.88749e-09 1.38417e-09 1.35859e-09 1.31901e-09 5.94925e-09
1 9480  1.84107e-09 1.36667e-09 1.32789e-09 1.29583e-09 5.83145e-09
1 9490  1.81112e-09 1.33677e-09 1.30283e-09 1.26527e-09 5.71598e-09
1 9500  1.77881e-09 1.30926e-09 1.27305e-09 1.24168e-09 5.6028e-09
1 9510  1.73398e-09 1.28709e-09 1.24895e-09 1.22184e-09 5.49185e-09
1 9520  1.70838e-09 1.25008e-09 1.23213e-09 1.19252e-09 5.38311e-09
1 9530  1.67239e-09 1.22706e-09 1.20479e-09 1.17228e-09 5.27651e-09
1 9540  1.62741e-09 1.21823e-09 1.17277e-09 1.15362e-09 5.17203e-09
1 9550  1.61204e-09 1.19203e-09 1.14581e-09 1.11974e-09 5.06962e-09
1 9560  1.57883e-09 1.15336e-09 1.13442e-09 1.10263e-09 4.96923e-09
1 9570  1.54138e-09 1.13611e-09 1.10911e-09 1.08423e-09 4.87084e-09
1 9580  1.50558e-09 1.11654e-09 1.08962e-09 1.06265e-09 4.77439e-09
1 9590  1.48087e-09 1.093e-09 1.06695e-09 1.03903e-09 4.67985e-09
1 9600  1.4555e-09 1.06919e-09 1.04128e-09 1.02121e-09 4.58718e-09
1 9610  1.42821e-09 1.04811e-09 1.02175e-09 9.98278e-10 4.49635e-09
1 9620  1.40229e-09 1.03131e-09 1.00017e-09 9.7355e-10 4.40732e-09
1 9630  1.36502e-09 1.00952e-09 9.8367e-10 9.61828e-10 4.32005e-09
1 9640  1.328e-09 9.90145e-10 9.67443e-10 9.48913e-10 4.2345e-09
1 9650  1.31803e-09 9.67419e-10 9.45507e-10 9.19698e-10 4.15065e-09
1 9660  1.29892e-09 9.46193e-10 9.23286e-10 9.00064e-10 4.06847e-09
1 9670  1.26715e-09 9.3174e-10 9.05976e-10 8.8304e-10 3.9879e-09
1 9680  1.23285e-09 9.17426e-10 8.90813e-10 8.67844e-10 3.90894e-09
1 9690  1.21407e-09 8.97039e-10 8.71393e-10 8.49037e-10 3.83154e-09
1 9700  1.19037e-09 8.79667e-10 8.54344e-10 8.31285e-10 3.75567e-09
1 9710  1.16015e-09 8.62622e-10 8.41591e-10 8.16935e-10 3.6813e-09
1 9720  1.13964e-09 8.46116e-10 8.21383e-10 8.01269e-10 3.6084e-09
1 9730  1.12441e-09 8.23119e-10 8.05369e-10 7.84057e-10 3.53695e-09
1 9740  1.10278e-09 8.16334e-10 7.82824e-10 7.64983e-10 3.46692e-09
1 9750  1.07554e-09 7.96612e-10 7.7268e-10 7.53433e-10 3.39827e-09
1 9760  1.05562e-09 7.72298e-10 7.63109e-10 7.3995e-10 3.33098e-09
1 9770  1.02975e-09 7.62283e-10 7.47988e-10 7.25e-10 3.26502e-09
1 9780  1.01289e-09 7.49574e-10 7.28538e-10 7.09362e-10 3.20037e-09
1 9790  9.98373e-10 7.33727e-10 7.07928e-10 6.96968e-10 3.137e-09
1 9800  9.76852e-10 7.17969e-10 6.95674e-10 6.84384e-10 3.07488e-09
1 9810  9.50162e-10 7.07644e-10 6.86647e-10 6.6954e-10 3.01399e-09
1 9820  9.3423e-10 6.8663e-10 6.76936e-10 6.56516e-10 2.95431e-09
1 9830  9.22663e-10 6.76669e-10 6.54608e-10 6.41873e-10 2.89581e-09
1 9840  8.97354e-10 6.62956e-10 6.44746e-10 6.33416e-10 2.83847e-09
1 9850  8.76638e-10 6.50164e-10 6.34745e-10 6.20719e-10 2.78227e-09
1 9860  8.59435e-10 6.37573e-10 6.23825e-10 6.06341e-10 2.72717e-09
1 9870  8.47043e-10 6.25146e-10 6.08385e-10 5.92599e-10 2.67317e-09
1 9880  8.27151e-10 6.10224e-10 5.98735e-10 5.84129e-10 2.62024e-09
1 9890  8.11213e-10 5.98646e-10 5.86998e-10 5.71498e-10 2.56836e-09
1 9900  7.97757e-10 5.88018e-10 5.72706e-10 5.59018e-10 2.5175e-09
1 9910  7.82653e-10 5.78792e-10 5.59524e-10 5.4668e-10 2.46765e-09
1 9920  7.62413e-10 5.65205e-10 5.53894e-10 5.37275e-10 2.41879e-09
1 9930  7.52636e-10 5.52584e-10 5.40941e-10 5.2473e-10 2.37089e-09
1 9940  7.36045e-10 5.41472e-10 5.2982e-10 5.16608e-10 2.32394e-09
1 9950  7.17553e-10 5.33699e-10 5.19038e-10 5.07638e-10 2.27793e-09
1 9960  7.05533e-10 5.22255e-10 5.07392e-10 4.97642e-10 2.23282e-09
1 9970  6.91532e-10 5.12544e-10 4.97944e-10 4.86588e-10 2.18861e-09
1 9980  6.78839e-10 4.98999e-10 4.91287e-10 4.76146e-10 2.14527e-09
1 9990  6.68533e-10 4.9004e-10 4.77203e-10 4.67016e-10 2.10279e-09
1 10000  6.56058e-10 4.80686e-10 4.6548e-10 4.5893e-10 2.06115e-09
1 10010  6.37322e-10 4.74229e-10 4.61049e-10 4.4774e-10 2.02034e-09
1 10020  6.24853e-10 4.61146e-10 4.53515e-10 4.4082e-10 1.98033e-09
1 10030  6.15204e-10 4.51995e-10 4.40963e-10 4.3296e-10 1.94112e-09
1 10040  6.075e-10 4.42732e-10 4.3173e-10 4.20721e-10 1.90268e-09
1 10050  5.93388e-10 4.35933e-10 4.24719e-10 4.10968e-10 1.86501e-09
1 10060  5.79119e-10 4.27801e-10 4.15631e-10 4.05529e-10 1.82808e-09
1 10070  5.67465e-10 4.1938e-10 4.06908e-10 3.98128e-10 1.79188e-09
1 10080  5.56116e-10 4.09757e-10 4.00139e-10 3.90387e-10 1.7564e-09
1 10090  5.43579e-10 4.02569e-10 3.91963e-10 3.83509e-10 1.72162e-09
1 10100  5.34274e-10 3.94958e-10 3.82866e-10 3.75432e-10 1.68753e-09
1 10110  5.25318e-10 3.85408e-10 3.76284e-10 3.67105e-10 1.65411e-09
1 10120  5.14008e-10 3.78961e-10 3.68367e-10 3.60025e-10 1.62136e-09
1 10130  4.99992e-10 3.71884e-10 3.62073e-10 3.55307e-10 1.58926e-09
1 10140  4.94574e-10 3.61625e-10 3.54555e-10 3.47033e-10 1.55779e-09
1 10150  4.81006e-10 3.58154e-10 3.47727e-10 3.40053e-10 1.52694e-09
1 10160  4.71687e-10 3.50345e-10 3.40698e-10 3.33975e-10 1.4967e-09
1 10170  4.6452e-10 3.426e-10 3.32546e-10 3.27402e-10 1.46707e-09
1 10180  4.5728e-10 3.35371e-10 3.25425e-10 3.19943e-10 1.43802e-09
1 10190  4.46275e-10 3.29979e-10 3.2002e-10 3.13269e-10 1.40954e-09
1 10200  4.38482e-10 3.21369e-10 3.13446e-10 3.08336e-10 1.38163e-09
1 10210  4.28564e-10 3.1747e-10 3.06139e-10 3.02101e-10 1.35427e-09
1 10220  4.21243e-10 3.11045e-10 2.99998e-10 2.95171e-10 1.32746e-09
1 10230  4.12278e-10 3.03871e-10 2.95835e-10 2.89188e-10 1.30117e-09
1 10240  4.04003e-10 2.96838e-10 2.9054e-10 2.84027e-10 1.27541e-09
1 10250  3.96857e-10 2.90279e-10 2.84097e-10 2.7892e-10 1.25015e-09
1 10260  3.87546e-10 2.86305e-10 2.77921e-10 2.73626e-10 1.2254e-09
1 10270  3.79842e-10 2.7911e-10 2.74137e-10 2.68044e-10 1.20113e-09
1 10280  3.71887e-10 2.73323e-10 2.69802e-10 2.62338e-10 1.17735e-09
1 10290  3.65447e-10 2.69445e-10 2.62143e-10 2.57001e-10 1.15404e-09
1 10300  3.57147e-10 2.64687e-10 2.57302e-10 2.52048e-10 1.13119e-09
1 10310  3.52075e-10 2.58874e-10 2.52441e-10 2.45395e-10 1.10879e-09
1 10320  3.4426e-10 2.52835e-10 2.48646e-10 2.4109e-10 1.08683e-09
1 10330  3.37502e-10 2.5053e-10 2.4155e-10 2.35728e-10 1.06531e-09
1 10340  3.32001e-10 2.42504e-10 2.37916e-10 2.31794e-10 1.04422e-09
1 10350  3.23968e-10 2.39089e-10 2.33809e-10 2.26672e-10 1.02354e-09
1 10360  3.1853e-10 2.3438e-10 2.28225e-10 2.22137e-10 1.00327e-09
1 10370  3.11858e-10 2.30856e-10 2.22878e-10 2.17812e-10 9.83405e-10
1 10380  3.06546e-10 2.24841e-10 2.19449e-10 2.13096e-10 9.63932e-10
1 10390  2.97548e-10 2.20694e-10 2.16675e-10 2.09928e-10 9.44845e-10
1 10400  2.92921e-10 2.15321e-10 2.11589e-10 2.06306e-10 9.26136e-10
1 10410  2.86681e-10 2.12519e-10 2.06558e-10 2.02039e-10 9.07797e-10
1 10420  2.81119e-10 2.08049e-10 2.03229e-10 1.97425e-10 8.89822e-10
1 10430  2.76003e-10 2.0281e-10 1.9944e-10 1.9395e-10 8.72202e-10
1 10440  2.69779e-10 2.00339e-10 1.94097e-10 1.90716e-10 8.54931e-10
1 10450  2.64976e-10 1.95771e-10 1.90344e-10 1.86912e-10 8.38003e-10
1 10460  2.60072e-10 1.91747e-10 1.87295e-10 1.82295e-10 8.21409e-10
1 10470  2.54181e-10 1.87473e-10 1.84473e-10 1.79017e-10 8.05144e-10
1 10480  2.49978e-10 1.85068e-10 1.78475e-10 1.75679e-10 7.89201e-10
1 10490  2.45984e-10 1.8009e-10 1.7518e-10 1.7232e-10 7.73574e-10
1 10500  2.41344e-10 1.76245e-10 1.7238e-10 1.68287e-10 7.58256e-10
1 10510  2.35449e-10 1.73243e-10 1.69125e-10 1.65425e-10 7.43242e-10
1 10520  2.31092e-10 1.70005e-10 1.6563e-10 1.61798e-10 7.28524e-10
1 10530  2.2475e-10 1.67269e-10 1.63246e-10 1.58835e-10 7.14099e-10
1 10540  2.22063e-10 1.63119e-10 1.58944e-10 1.55832e-10 6.99959e-10
1 10550  2.17103e-10 1.60501e-10 1.5562e-10 1.52874e-10 6.86098e-10
1 10560  2.12557e-10 1.56622e-10 1.54187e-10 1.49147e-10 6.72513e-10
1 10570  2.08182e-10 1.53935e-10 1.51079e-10 1.46e-10 6.59196e-10
1 10580  2.04721e-10 1.50847e-10 1.47193e-10 1.43382e-10 6.46143e-10
1 10590  1.99779e-10 1.48247e-10 1.4434e-10 1.40982e-10 6.33349e-10
1 10600  1.95538e-10 1.45758e-10 1.41603e-10 1.37909e-10 6.20808e-10
1 10610  1.93292e-10 1.42022e-10 1.38397e-10 1.34803e-10 6.08515e-10
1 10620  1.89832e-10 1.39632e-10 1.34912e-10 1.32089e-10 5.96465e-10
1 10630  1.85425e-10 1.36669e-10 1.32973e-10 1.29587e-10 5.84655e-10
1 10640  1.80901e-10 1.33769e-10 1.31203e-10 1.27204e-10 5.73078e-10
1 10650  1.77171e-10 1.3159e-10 1.27853e-10 1.25115e-10 5.6173e-10
1 10660  1.7471e-10 1.29006e-10 1.2445e-10 1.22441e-10 5.50607e-10
1 10670  1.7123e-10 1.25837e-10 1.22789e-10 1.19848e-10 5.39704e-10
1 10680  1.67316e-10 1.23484e-10 1.20854e-10 1.17363e-10 5.29017e-10
1 10690  1.64179e-10 1.21037e-10 1.18078e-10 1.15248e-10 5.18542e-10
1 10700  1.60857e-10 1.18394e-10 1.15537e-10 1.13487e-10 5.08274e-10
1 10710  1.57355e-10 1.16218e-10 1.13437e-10 1.112e-10 4.9821e-10
1 10720  1.54989e-10 1.13675e-10 1.11502e-10 1.08178e-10 4.88345e-10
1 10730  1.51929e-10 1.1163e-10 1.09096e-10 1.0602e-10 4.78675e-10
1 10740  1.48343e-10 1.0947e-10 1.07023e-10 1.0436e-10 4.69196e-10
1 10750  1.45744e-10 1.06731e-10 1.05215e-10 1.02216e-10 4.59906e-10
1 10760  1.42915e-10 1.05912e-10 1.02385e-10 9.95865e-11 4.50799e-10
1 10770  1.39397e-10 1.03755e-10 1.0055e-10 9.81695e-11 4.41872e-10
1 10780  1.37399e-10 1.00824e-10 9.86849e-11 9.62142e-11 4.33123e-10
1 10790  1.34901e-10 9.90912e-11 9.64731e-11 9.40812e-11 4.24546e-10
1 10800  1.31432e-10 9.72451e-11 9.49848e-11 9.24776e-11 4.1614e-10
1 10810  1.28881e-10 9.50822e-11 9.32964e-11 9.06403e-11 4.079e-10
1 10820  1.26665e-10 9.3266e-11 9.12156e-11 8.86763e-11 3.99823e-10
1 10830  1.24031e-10 9.20985e-11 8.90227e-11 8.67539e-11 3.91906e-10
1 10840  1.21073e-10 8.99941e-11 8.74528e-11 8.56259e-11 3.84145e-10
1 10850  1.19002e-10 8.76388e-11 8.60087e-11 8.3889e-11 3.76539e-10
1 10860  1.16321e-10 8.62659e-11 8.45951e-11 8.1901e-11 3.69083e-10
1 10870  1.1451e-10 8.47934e-11 8.21866e-11 8.02842e-11 3.61775e-10
1 10880  1.11991e-10 8.33431e-11 8.02962e-11 7.89804e-11 3.54611e-10
1 10890  1.09809e-10 8.14947e-11 7.92556e-11 7.70301e-11 3.47589e-10
1 10900  1.07406e-10 7.99874e-11 7.79858e-11 7.53276e-11 3.40706e-10
1 10910  1.05922e-10 7.79079e-11 7.59604e-11 7.41696e-11 3.3396e-10
1 10920  1.04054e-10 7.64298e-11 7.40727e-11 7.27901e-11 3.27347e-10
1 10930  1.01955e-10 7.48266e-11 7.28391e-11 7.12441e-11 3.20865e-10
1 10940  9.9662e-11 7.32111e-11 7.17922e-11 6.98464e-11 3.14512e-10
1 10950  9.71314e-11 7.23421e-11 7.0461e-11 6.83495e-11 3.08284e-10
1 10960  9.60771e-11 7.05932e-11 6.8827e-11 6.66821e-11 3.02179e-10
1 10970  9.3863e-11 6.91241e-11 6.74373e-11 6.57715e-11 2.96196e-10
1 10980  9.15738e-11 6.77664e-11 6.63949e-11 6.45957e-11 2.90331e-10
1 10990  9.02023e-11 6.65578e-11 6.47914e-11 6.30304e-11 2.84582e-10
1 11000  8.80534e-11 6.54541e-11 6.35418e-11 6.18975e-11 2.78947e-10
1 11010  8.66717e-11 6.3903e-11 6.22104e-11 6.06382e-11 2.73423e-10
1 11020  8.43137e-11 6.28277e-11 6.14087e-11 5.94591e-11 2.68009e-10
1 11030  8.36439e-11 6.13533e-11 5.96095e-11 5.80954e-11 2.62702e-10
1 11040  8.13085e-11 6.03872e-11 5.8425e-11 5.73796e-11 2.575e-10
1 11050  7.95459e-11 5.88345e-11 5.76267e-11 5.63945e-11 2.52402e-10
1 11060  7.79782e-11 5.79437e-11 5.6675e-11 5.48067e-11 2.47404e-10
1 11070  7.69734e-11 5.68763e-11 5.50034e-11 5.36516e-11 2.42505e-10
1 11080  7.52235e-11 5.54414e-11 5.40116e-11 5.30263e-11 2.37703e-10
1 11090  7.32124e-11 5.44627e-11 5.34163e-11 5.19046e-11 2.32996e-10
1 11100  7.22997e-11 5.3111e-11 5.2346e-11 5.06257e-11 2.28382e-10
1 11110  7.07691e-11 5.25036e-11 5.08843e-11 4.97031e-11 2.2386e-10
1 11120  6.94724e-11 5.13256e-11 4.98958e-11 4.87336e-11 2.19427e-10
1 11130  6.78501e-11 5.0406e-11 4.90732e-11 4.77531e-11 2.15082e-10
1 11140  6.65255e-11 4.94883e-11 4.80009e-11 4.68088e-11 2.10823e-10
1 11150  6.51461e-11 4.85054e-11 4.69939e-11 4.60035e-11 2.06649e-10
1 11160  6.39747e-11 4.73294e-11 4.61417e-11 4.51113e-11 2.02557e-10
1 11170  6.30412e-11 4.62039e-11 4.51575e-11 4.41434e-11 1.98546e-10
1 11180  6.1609e-11 4.55617e-11 4.40633e-11 4.33806e-11 1.94615e-10
1 11190  6.02919e-11 4.45035e-11 4.34365e-11 4.2529e-11 1.90761e-10
1 11200  5.8733e-11 4.36309e-11 4.2872e-11 4.17478e-11 1.86984e-10
1 11210  5.80786e-11 4.26294e-11 4.16919e-11 4.08813e-11 1.83281e-10
1 11220  5.65304e-11 4.24822e-11 4.0675e-11 3.99644e-11 1.79652e-10
1 11230  5.55764e-11 4.09198e-11 4.02687e-11 3.93296e-11 1.76095e-10
1 11240  5.4797e-11 3.99644e-11 3.93747e-11 3.84715e-11 1.72608e-10
1 11250  5.33045e-11 3.94958e-11 3.87087e-11 3.76808e-11 1.6919e-10
1 11260  5.2198e-11 3.88465e-11 3.79074e-11 3.68877e-11 1.6584e-10
1 11270  5.12661e-11 3.79995e-11 3.7107e-11 3.61831e-11 1.62556e-10
1 11280  5.03834e-11 3.71449e-11 3.63985e-11 3.54101e-11 1.59337e-10
1 11290  4.91316e-11 3.67087e-11 3.56372e-11 3.47043e-11 1.56182e-10
1 11300  4.84445e-11 3.56803e-11 3.4954e-11 3.40104e-11 1.53089e-10
1 11310  4.7604e-11 3.51351e-11 3.41899e-11 3.31289e-11 1.50058e-10
1 11320  4.66425e-11 3.44666e-11 3.33801e-11 3.25974e-11 1.47087e-10
1 11330  4.53508e-11 3.38719e-11 3.2792e-11 3.21594e-11 1.44174e-10
1 11340  4.45758e-11 3.28928e-11 3.23342e-11 3.15164e-11 1.41319e-10
1 11350  4.37374e-11 3.24354e-11 3.15961e-11 3.07519e-11 1.38521e-10
1 11360  4.28896e-11 3.19329e-11 3.08379e-11 3.01176e-11 1.35778e-10
1 11370  4.21369e-11 3.10603e-11 3.03653e-11 2.95269e-11 1.33089e-10
1 11380  4.09716e-11 3.05276e-11 2.98512e-11 2.91037e-11 1.30454e-10
1 11390  4.02544e-11 2.99423e-11 2.92185e-11 2.84557e-11 1.27871e-10
1 11400  3.96273e-11 2.9119e-11 2.8698e-11 2.78946e-11 1.25339e-10
1 11410  3.88143e-11 2.86774e-11 2.80036e-11 2.73617e-11 1.22857e-10
1 11420  3.8247e-11 2.81177e-11 2.73545e-11 2.67051e-11 1.20424e-10
1 11430  3.74528e-11 2.75551e-11 2.68563e-11 2.61755e-11 1.1804e-10
1 11440  3.66202e-11 2.6987e-11 2.64257e-11 2.56694e-11 1.15702e-10
1 11450  3.56613e-11 2.64232e-11 2.60949e-11 2.52319e-11 1.13411e-10
1 11460  3.49947e-11 2.60232e-11 2.54599e-11 2.46878e-11 1.11166e-10
1 11470  3.44758e-11 2.54394e-11 2.48017e-11 2.42474e-11 1.08964e-10
1 11480  3.40049e-11 2.48639e-11 2.41956e-11 2.37423e-11 1.06807e-10
1 11490  3.301e-11 2.43817e-11 2.38928e-11 2.34073e-11 1.04692e-10
1 11500  3.24314e-11 2.38167e-11 2.3476e-11 2.28947e-11 1.02619e-10
1 11510  3.1614e-11 2.35673e-11 2.29384e-11 2.24672e-11 1.00587e-10
1 11520  3.11321e-11 2.30796e-11 2.24074e-11 2.1976e-11 9.85951e-11
1 11530  3.04991e-11 2.25703e-11 2.20265e-11 2.15469e-11 9.66427e-11
1 11540  2.9892e-11 2.2133e-11 2.16175e-11 2.10866e-11 9.47291e-11
1 11550  2.93197e-11 2.16346e-11 2.11541e-11 2.07449e-11 9.28533e-11
1 11560  2.88277e-11 2.11672e-11 2.06876e-11 2.03322e-11 9.10147e-11
1 11570  2.82355e-11 2.07585e-11 2.03214e-11 1.98971e-11 8.92125e-11
1 11580  2.76607e-11 2.04506e-11 1.98669e-11 1.94676e-11 8.7446e-11
1 11590  2.69554e-11 2.00932e-11 1.94964e-11 1.91694e-11 8.57144e-11
1 11600  2.65058e-11 1.95933e-11 1.91915e-11 1.87266e-11 8.40172e-11
1 11610  2.60949e-11 1.91258e-11 1.87879e-11 1.8345e-11 8.23535e-11
1 11620  2.54544e-11 1.89131e-11 1.83277e-11 1.80277e-11 8.07228e-11
1 11630  2.49315e-11 1.8482e-11 1.80531e-11 1.76578e-11 7.91244e-11
1 11640  2.44967e-11 1.81381e-11 1.76944e-11 1.72284e-11 7.75576e-11
1 11650  2.40465e-11 1.7769e-11 1.72497e-11 1.69567e-11 7.60219e-11
1 11660  2.36344e-11 1.73769e-11 1.6932e-11 1.65731e-11 7.45165e-11
1 11670  2.30643e-11 1.70326e-11 1.67467e-11 1.61975e-11 7.3041e-11
1 11680  2.26774e-11 1.66744e-11 1.63261e-11 1.59168e-11 7.15947e-11
1 11690  2.20951e-11 1.63582e-11 1.60505e-11 1.56731e-11 7.0177e-11
1 11700  2.16955e-11 1.60888e-11 1.57327e-11 1.52704e-11 6.87874e-11
1 11710  2.12655e-11 1.57562e-11 1.53904e-11 1.50132e-11 6.74254e-11
1 11720  2.09276e-11 1.53716e-11 1.51094e-11 1.46816e-11 6.60902e-11
1 11730  2.04098e-11 1.50755e-11 1.48767e-11 1.44196e-11 6.47816e-11
1 11740  2.01735e-11 1.47911e-11 1.4436e-11 1.40982e-11 6.34988e-11
1 11750  1.96597e-11 1.44931e-11 1.42378e-11 1.38509e-11 6.22414e-11
1 11760  1.92523e-11 1.42875e-11 1.39141e-11 1.35551e-11 6.1009e-11
1 11770  1.88842e-11 1.39945e-11 1.35572e-11 1.3365e-11 5.98009e-11
1 11780  1.85854e-11 1.37056e-11 1.33082e-11 1.30176e-11 5.86168e-11
1 11790  1.81471e-11 1.33357e-11 1.31714e-11 1.28019e-11 5.74561e-11
1 11800  1.77238e-11 1.31185e-11 1.28672e-11 1.26089e-11 5.63184e-11
1 11810  1.74897e-11 1.29296e-11 1.24917e-11 1.22922e-11 5.52032e-11
1 11820  1.72229e-11 1.26079e-11 1.22674e-11 1.20119e-11 5.41101e-11
1 11830  1.6803e-11 1.2327e-11 1.21101e-11 1.17985e-11 5.30387e-11
1 11840  1.63527e-11 1.20978e-11 1.19365e-11 1.16014e-11 5.19884e-11
1 11850  1.6059e-11 1.19067e-11 1.16444e-11 1.13489e-11 5.0959e-11
1 11860  1.58678e-11 1.16262e-11 1.13235e-11 1.11325e-11 4.99499e-11
1 11870  1.54359e-11 1.14358e-11 1.11437e-11 1.09455e-11 4.89609e-11
1 11880  1.51384e-11 1.12499e-11 1.09321e-11 1.0671e-11 4.79914e-11
1 11890  1.48852e-11 1.09651e-11 1.07417e-11 1.04491e-11 4.70411e-11
1 11900  1.45515e-11 1.07129e-11 1.05678e-11 1.02773e-11 4.61096e-11
1 11910  1.42327e-11 1.05708e-11 1.03078e-11 1.00852e-11 4.51966e-11
1 11920  1.40648e-11 1.03554e-11 1.00446e-11 9.83684e-12 4.43016e-11
1 11930  1.37365e-11 1.01297e-11 9.90565e-12 9.65251e-12 4.34244e-11
1 11940  1.33997e-11 9.94949e-12 9.75123e-12 9.46408e-12 4.25645e-11
1 11950  1.31386e-11 9.75325e-12 9.55222e-12 9.27758e-12 4.17217e-11
1 11960  1.29584e-11 9.53988e-12 9.32218e-12 9.07513e-12 4.08955e-11
1 11970  1.27181e-11 9.32983e-12 9.1208e-12 8.91704e-12 4.00858e-11
1 11980  1.24627e-11 9.16718e-12 8.94024e-12 8.72192e-12 3.9292e-11
1 11990  1.21686e-11 9.00727e-12 8.79564e-12 8.54249e-12 3.8514e-11
